 days, resource/area, LAI, total resource,  area(m^2), leaf area(m^2)
           1          32  0.25743070708090582       0.13279264579845151        4.0322219126127127E-003   1.0380177380710130E-003
           2          49   1.0842017484644131       0.19808236331602352        4.0322219126127127E-003   4.3717420478512226E-003
           3         160   1.0842017484644131       0.64759856792430071        4.0322219126127127E-003   4.3717420478512226E-003
           4          61  0.58265802346041717       0.83683723677853472        1.3603507180081504E-002   7.9261926056758830E-003
           5          97  0.58265802346041717        1.3297239423632348        1.3603507180081504E-002   7.9261926056758830E-003
           6         133  0.68185065071082251        1.8142889550193460        1.3603507180081504E-002   9.2755602226879206E-003
           7         181  0.68185065071082251        2.4747321316923037        1.3603507180081504E-002   9.2755602226879206E-003
           8         218  0.80940111636482837        2.9770942844017432        1.3603507180081504E-002   1.1010693898034928E-002
           9         255   1.0690878234976928        3.4702314296176509        1.3603507180081504E-002   1.4543343883088571E-002
          10         312   1.0690878234976928        4.2534717442278476        1.3603507180081504E-002   1.4543343883088571E-002
          11         338   1.2468654560138543        4.6053222657877519        1.3603507180081504E-002   1.6961743183480066E-002
          12         390   1.2468654560138543        5.3060236738748934        1.3603507180081504E-002   1.6961743183480066E-002
          13         258  0.80779419312381784        5.9935770776042414        2.3166636819338334E-002   1.8713874696869939E-002
          14         291  0.80779419312381784        6.7639049604023391        2.3166636819338334E-002   1.8713874696869939E-002
          15         315  0.89861456518505167        7.2992076668785613        2.3166636819338334E-002   2.0817877272209726E-002
          16         337  0.89861456518505167        7.8249151474567684        2.3166636819338334E-002   2.0817877272209726E-002
          17         360  0.89861456518505167        8.3404314297947515        2.3166636819338334E-002   2.0817877272209726E-002
          18         381  0.89861456518505167        8.8451937806477172        2.3166636819338334E-002   2.0817877272209726E-002
          19         403  0.89861456518505167        9.3403941454152566        2.3166636819338334E-002   2.0817877272209726E-002
          20         424  0.89861456518505167        9.8254697915544487        2.3166636819338334E-002   2.0817877272209726E-002
          21         444  0.89861456518505167        10.299891225659685        2.3166636819338334E-002   2.0817877272209726E-002
          22         464  0.89861456518505167        10.764783913492080        2.3166636819338334E-002   2.0817877272209726E-002
          23         484  0.89861456518505167        11.219088869246686        2.3166636819338334E-002   2.0817877272209726E-002
          24         503  0.89861456518505167        11.663368825479715        2.3166636819338334E-002   2.0817877272209726E-002
          25         522  0.89861456518505167        12.097645942375056        2.3166636819338334E-002   2.0817877272209726E-002
          26         540  0.89861456518505167        12.521446126259068        2.3166636819338334E-002   2.0817877272209726E-002
          27         558  0.89861456518505167        12.935298870484177        2.3166636819338334E-002   2.0817877272209726E-002
          28         575  0.89861456518505167        13.339226334632118        2.3166636819338334E-002   2.0817877272209726E-002
          29         592  0.89861456518505167        13.732787665437339        2.3166636819338334E-002   2.0817877272209726E-002
          30         609  0.89861456518505167        14.116479115857473        2.3166636819338334E-002   2.0817877272209726E-002
          31         625  0.89861456518505167        14.489881992493158        2.3166636819338334E-002   2.0817877272209726E-002
          32         641  0.89861456518505167        14.853470388435834        2.3166636819338334E-002   2.0817877272209726E-002
          33         656  0.89861456518505167        15.207266463564988        2.3166636819338334E-002   2.0817877272209726E-002
          34         671  0.89861456518505167        15.550884764280555        2.3166636819338334E-002   2.0817877272209726E-002
          35         685  0.89861456518505167        15.884369610328214        2.3166636819338334E-002   2.0817877272209726E-002
          36         699  0.89861456518505167        16.208150775067022        2.3166636819338334E-002   2.0817877272209726E-002
          37         713  0.89861456518505167        16.521876044696196        2.3166636819338334E-002   2.0817877272209726E-002
          38         724  0.89861456518505167        16.775686895583114        2.3166636819338334E-002   2.0817877272209726E-002
          39         734  0.89861456518505167        17.021168199013410        2.3166636819338334E-002   2.0817877272209726E-002
          40         744  0.89861456518505167        17.258642075177512        2.3166636819338334E-002   2.0817877272209726E-002
          41         754  0.89861456518505167        17.487851219722625        2.3166636819338334E-002   2.0817877272209726E-002
          42         764  0.89861456518505167        17.708832670268663        2.3166636819338334E-002   2.0817877272209726E-002
          43         773  0.89861456518505167        17.921623464281161        2.3166636819338334E-002   2.0817877272209726E-002
          44         782  0.89861456518505167        18.126260639539975        2.3166636819338334E-002   2.0817877272209726E-002
          45         790  0.89861456518505167        18.323020019224522        2.3166636819338334E-002   2.0817877272209726E-002
          46         799  0.89861456518505167        18.511690595993009        2.3166636819338334E-002   2.0817877272209726E-002
          47         806  0.89861456518505167        18.692309407465359        2.3166636819338334E-002   2.0817877272209726E-002
          48         814  0.89861456518505167        18.864913491134878        2.3166636819338334E-002   2.0817877272209726E-002
          49         821  0.89861456518505167        19.029539884753646        2.3166636819338334E-002   2.0817877272209726E-002
          50         828  0.89861456518505167        19.186418114490071        2.3166636819338334E-002   2.0817877272209726E-002
          51         834  0.89861456518505167        19.335383470013372        2.3166636819338334E-002   2.0817877272209726E-002
          52         840  0.89861456518505167        19.476472988943463        2.3166636819338334E-002   2.0817877272209726E-002
          53         846  0.89861456518505167        19.609558998459551        2.3166636819338334E-002   2.0817877272209726E-002
          54         851  0.89861456518505167        19.735007956969707        2.3166636819338334E-002   2.0817877272209726E-002
          55         856  0.89861456518505167        19.852692191751956        2.3166636819338334E-002   2.0817877272209726E-002
          56         861  0.89861456518505167        19.962648740344061        2.3166636819338334E-002   2.0817877272209726E-002
          57         866  0.89861456518505167        20.064786967643954        2.3166636819338334E-002   2.0817877272209726E-002
          58         870  0.89861456518505167        20.159280843489000        2.3166636819338334E-002   2.0817877272209726E-002
          59         873  0.89861456518505167        20.246276559427805        2.3166636819338334E-002   2.0817877272209726E-002
          60         877  0.89861456518505167        20.325692739749396        2.3166636819338334E-002   2.0817877272209726E-002
          61         880  0.89861456518505167        20.397475786895019        2.3166636819338334E-002   2.0817877272209726E-002
          62         883  0.89861456518505167        20.461762633071011        2.3166636819338334E-002   2.0817877272209726E-002
          63         885  0.89861456518505167        20.518662432217177        2.3166636819338334E-002   2.0817877272209726E-002
          64         887  0.89861456518505167        20.568067989275949        2.3166636819338334E-002   2.0817877272209726E-002
          65         889  0.89861456518505167        20.610088458230400        2.3166636819338334E-002   2.0817877272209726E-002
          66         891  0.89861456518505167        20.646355132092637        2.3166636819338334E-002   2.0817877272209726E-002
          67         862  0.89861456518505167        19.976896893756376        2.3166636819338334E-002   2.0817877272209726E-002
          68         833  0.89861456518505167        19.301742626083172        2.3166636819338334E-002   2.0817877272209726E-002
          69         805  0.89861456518505167        18.669373095580763        2.3166636819338334E-002   2.0817877272209726E-002
          70         785  0.89861456518505167        18.189598888753700        2.3166636819338334E-002   2.0817877272209726E-002
          71         764  0.89861456518505167        17.701461021353005        2.3166636819338334E-002   2.0817877272209726E-002
          72         742  0.89861456518505167        17.204971961912065        2.3166636819338334E-002   2.0817877272209726E-002
          73         721  0.89861456518505167        16.706722866598280        2.3166636819338334E-002   2.0817877272209726E-002
          74         699  0.89861456518505167        16.206722866598284        2.3166636819338334E-002   2.0817877272209726E-002
          75         677  0.89861456518505167        15.706722866598282        2.3166636819338334E-002   2.0817877272209726E-002
          76         656  0.89861456518505167        15.206722866598282        2.3166636819338334E-002   2.0817877272209726E-002
          77         635  0.89861456518505167        14.713873882985141        2.3166636819338334E-002   2.0817877272209726E-002
          78         617  0.89861456518505167        14.313873882985142        2.3166636819338334E-002   2.0817877272209726E-002
          79         600  0.89861456518505167        13.913873882985142        2.3166636819338334E-002   2.0817877272209726E-002
          80         583  0.89861456518505167        13.513873882985141        2.3166636819338334E-002   2.0817877272209726E-002
          81         566  0.89861456518505167        13.113873882985143        2.3166636819338334E-002   2.0817877272209726E-002
          82         552  0.89861456518505167        12.805700985912132        2.3166636819338334E-002   2.0817877272209726E-002
          83         539  0.89861456518505167        12.505700985912133        2.3166636819338334E-002   2.0817877272209726E-002
          84         526  0.89861456518505167        12.205700985912134        2.3166636819338334E-002   2.0817877272209726E-002
          85         513  0.89861456518505167        11.905700985912134        2.3166636819338334E-002   2.0817877272209726E-002
          86         500  0.89861456518505167        11.605700985912133        2.3166636819338334E-002   2.0817877272209726E-002
          87         488  0.89861456518505167        11.305700985912134        2.3166636819338334E-002   2.0817877272209726E-002
          88         475  0.89861456518505167        11.005700985912135        2.3166636819338334E-002   2.0817877272209726E-002
          89         462  0.89861456518505167        10.705700985912136        2.3166636819338334E-002   2.0817877272209726E-002
          90         449  0.89861456518505167        10.405700985912135        2.3166636819338334E-002   2.0817877272209726E-002
          91         436  0.89861456518505167        10.105700985912137        2.3166636819338334E-002   2.0817877272209726E-002
          92         423  0.89861456518505167        9.8057009859121358        2.3166636819338334E-002   2.0817877272209726E-002
          93         412  0.89861456518505167        9.5503389966537675        2.3166636819338334E-002   2.0817877272209726E-002
          94         403  0.89861456518505167        9.3503389966537682        2.3166636819338334E-002   2.0817877272209726E-002
          95         394  0.89861456518505167        9.1503389966537689        2.3166636819338334E-002   2.0817877272209726E-002
          96         386  0.89861456518505167        8.9503389966537696        2.3166636819338334E-002   2.0817877272209726E-002
          97         377  0.89861456518505167        8.7503389966537704        2.3166636819338334E-002   2.0817877272209726E-002
          98         369  0.89861456518505167        8.5503389966537693        2.3166636819338334E-002   2.0817877272209726E-002
          99         360  0.89861456518505167        8.3503389966537700        2.3166636819338334E-002   2.0817877272209726E-002
         100         351  0.89861456518505167        8.1503389966537707        2.3166636819338334E-002   2.0817877272209726E-002
         101         343  0.89861456518505167        7.9503389966537705        2.3166636819338334E-002   2.0817877272209726E-002
         102         334  0.89861456518505167        7.7503389966537704        2.3166636819338334E-002   2.0817877272209726E-002
         103         334  0.89861456518505167        7.7503389966537704        2.3166636819338334E-002   2.0817877272209726E-002
         104         334  0.89861456518505167        7.7503389966537704        2.3166636819338334E-002   2.0817877272209726E-002
         105         334  0.89861456518505167        7.7503389966537704        2.3166636819338334E-002   2.0817877272209726E-002
         106         334  0.89861456518505167        7.7503389966537704        2.3166636819338334E-002   2.0817877272209726E-002
         107         334  0.89861456518505167        7.7503389966537704        2.3166636819338334E-002   2.0817877272209726E-002
         108         334  0.89861456518505167        7.7503389966537704        2.3166636819338334E-002   2.0817877272209726E-002
         109         334  0.89861456518505167        7.7503389966537704        2.3166636819338334E-002   2.0817877272209726E-002
         110         334  0.89861456518505167        7.7503389966537704        2.3166636819338334E-002   2.0817877272209726E-002
         111         334  0.89861456518505167        7.7503389966537704        2.3166636819338334E-002   2.0817877272209726E-002
         112         334  0.89861456518505167        7.7503389966537704        2.3166636819338334E-002   2.0817877272209726E-002
         113         334  0.89861456518505167        7.7503389966537704        2.3166636819338334E-002   2.0817877272209726E-002
         114         334  0.89861456518505167        7.7503389966537704        2.3166636819338334E-002   2.0817877272209726E-002
         115         334  0.89861456518505167        7.7503389966537704        2.3166636819338334E-002   2.0817877272209726E-002
         116         334  0.89861456518505167        7.7503389966537704        2.3166636819338334E-002   2.0817877272209726E-002
         117         334  0.89861456518505167        7.7503389966537704        2.3166636819338334E-002   2.0817877272209726E-002
         118         334  0.89861456518505167        7.7503389966537704        2.3166636819338334E-002   2.0817877272209726E-002
         119         334  0.89861456518505167        7.7503389966537704        2.3166636819338334E-002   2.0817877272209726E-002
         120         334  0.89861456518505167        7.7503389966537704        2.3166636819338334E-002   2.0817877272209726E-002
         121         334  0.89861456518505167        7.7503389966537704        2.3166636819338334E-002   2.0817877272209726E-002
         122         334  0.89861456518505167        7.7503389966537704        2.3166636819338334E-002   2.0817877272209726E-002
         123         334  0.89861456518505167        7.7503389966537704        2.3166636819338334E-002   2.0817877272209726E-002
         124         334  0.89861456518505167        7.7503389966537704        2.3166636819338334E-002   2.0817877272209726E-002
         125         334  0.89861456518505167        7.7503389966537704        2.3166636819338334E-002   2.0817877272209726E-002
         126         334  0.89861456518505167        7.7503389966537704        2.3166636819338334E-002   2.0817877272209726E-002
         127         334  0.89861456518505167        7.7503389966537704        2.3166636819338334E-002   2.0817877272209726E-002
         128         334  0.89861456518505167        7.7503389966537704        2.3166636819338334E-002   2.0817877272209726E-002
         129         334  0.89861456518505167        7.7503389966537704        2.3166636819338334E-002   2.0817877272209726E-002
         130         334  0.89861456518505167        7.7503389966537704        2.3166636819338334E-002   2.0817877272209726E-002
         131         334  0.89861456518505167        7.7503389966537704        2.3166636819338334E-002   2.0817877272209726E-002
         132         334  0.89861456518505167        7.7503389966537704        2.3166636819338334E-002   2.0817877272209726E-002
         133         334  0.89861456518505167        7.7503389966537704        2.3166636819338334E-002   2.0817877272209726E-002
         134         334  0.89861456518505167        7.7503389966537704        2.3166636819338334E-002   2.0817877272209726E-002
         135         334  0.89861456518505167        7.7503389966537704        2.3166636819338334E-002   2.0817877272209726E-002
         136         334  0.89861456518505167        7.7503389966537704        2.3166636819338334E-002   2.0817877272209726E-002
         137         334  0.89861456518505167        7.7503389966537704        2.3166636819338334E-002   2.0817877272209726E-002
         138         334  0.89861456518505167        7.7503389966537704        2.3166636819338334E-002   2.0817877272209726E-002
         139         334  0.89861456518505167        7.7503389966537704        2.3166636819338334E-002   2.0817877272209726E-002
