.00000000 .00001167 
1.00000000 .00001142 
2.00000000 .00001106 
3.00000000 .00001117 
4.00000000 .00001159 
5.00000000 .00001167 
6.00000000 .00001131 
7.00000000 .00001110 
8.00000000 .00001141 
9.00000000 .00001179 
10.00000000 .00001168 
11.00000000 .00001131 
12.00000000 .00001130 
13.00000000 .00001174 
14.00000000 .00001199 
15.00000000 .00001173 
16.00000000 .00001144 
17.00000000 .00001166 
18.00000000 .00001213 
19.00000000 .00001220 
20.00000000 .00001184 
21.00000000 .00001172 
22.00000000 .00001214 
23.00000000 .00001255 
24.00000000 .00001242 
25.00000000 .00001207 
26.00000000 .00001218 
27.00000000 .00001271 
28.00000000 .00001296 
29.00000000 .00001268 
30.00000000 .00001244 
31.00000000 .00001279 
32.00000000 .00001333 
33.00000000 .00001338 
34.00000000 .00001302 
35.00000000 .00001299 
36.00000000 .00001353 
37.00000000 .00001397 
38.00000000 .00001380 
39.00000000 .00001348 
40.00000000 .00001372 
41.00000000 .00001436 
42.00000000 .00001461 
43.00000000 .00001428 
44.00000000 .00001411 
45.00000000 .00001461 
46.00000000 .00001522 
47.00000000 .00001523 
48.00000000 .00001485 
49.00000000 .00001493 
50.00000000 .00001562 
51.00000000 .00001609 
52.00000000 .00001587 
53.00000000 .00001556 
54.00000000 .00001596 
55.00000000 .00001672 
56.00000000 .00001695 
57.00000000 .00001656 
58.00000000 .00001648 
59.00000000 .00001715 
60.00000000 .00001784 
61.00000000 .00001778 
62.00000000 .00001738 
63.00000000 .00001761 
64.00000000 .00001847 
65.00000000 .00001895 
66.00000000 .00001864 
67.00000000 .00001838 
68.00000000 .00001896 
69.00000000 .00001985 
70.00000000 .00002003 
71.00000000 .00001958 
72.00000000 .00001961 
73.00000000 .00002048 
74.00000000 .00002125 
75.00000000 .00002109 
76.00000000 .00002067 
77.00000000 .00002108 
78.00000000 .00002213 
79.00000000 .00002260 
80.00000000 .00002219 
81.00000000 .00002198 
82.00000000 .00002279 
83.00000000 .00002382 
84.00000000 .00002392 
85.00000000 .00002339 
86.00000000 .00002357 
87.00000000 .00002468 
88.00000000 .00002549 
89.00000000 .00002521 
90.00000000 .00002479 
91.00000000 .00002543 
92.00000000 .00002667 
93.00000000 .00002710 
94.00000000 .00002657 
95.00000000 .00002647 
96.00000000 .00002754 
97.00000000 .00002868 
98.00000000 .00002866 
99.00000000 .00002807 
100.00000000 .00002845 
101.00000000 .00002982 
102.00000000 .00003064 
103.00000000 .00003021 
104.00000000 .00002983 
105.00000000 .00003075 
106.00000000 .00003218 
107.00000000 .00003252 
108.00000000 .00003186 
109.00000000 .00003191 
110.00000000 .00003329 
111.00000000 .00003452 
112.00000000 .00003434 
113.00000000 .00003371 
114.00000000 .00003435 
115.00000000 .00003599 
116.00000000 .00003677 
117.00000000 .00003618 
118.00000000 .00003588 
119.00000000 .00003712 
120.00000000 .00003873 
121.00000000 .00003892 
122.00000000 .00003815 
123.00000000 .00003842 
124.00000000 .00004013 
125.00000000 .00004140 
126.00000000 .00004102 
127.00000000 .00004040 
128.00000000 .00004137 
129.00000000 .00004327 
130.00000000 .00004396 
131.00000000 .00004318 
132.00000000 .00004303 
133.00000000 .00004465 
134.00000000 .00004640 
135.00000000 .00004640 
136.00000000 .00004554 
137.00000000 .00004610 
138.00000000 .00004816 
139.00000000 .00004941 
140.00000000 .00004880 
141.00000000 .00004824 
142.00000000 .00004960 
143.00000000 .00005174 
144.00000000 .00005227 
145.00000000 .00005132 
146.00000000 .00005140 
147.00000000 .00005343 
148.00000000 .00005525 
149.00000000 .00005501 
150.00000000 .00005412 
151.00000000 .00005505 
152.00000000 .00005744 
153.00000000 .00005860 
154.00000000 .00005776 
155.00000000 .00005734 
156.00000000 .00005914 
157.00000000 .00006147 
158.00000000 .00006177 
159.00000000 .00006069 
160.00000000 .00006109 
161.00000000 .00006354 
162.00000000 .00006536 
163.00000000 .00006484 
164.00000000 .00006398 
165.00000000 .00006537 
166.00000000 .00006806 
167.00000000 .00006904 
168.00000000 .00006797 
169.00000000 .00006779 
170.00000000 .00007007 
171.00000000 .00007251 
172.00000000 .00007253 
173.00000000 .00007137 
174.00000000 .00007219 
175.00000000 .00007504 
176.00000000 .00007677 
177.00000000 .00007596 
178.00000000 .00007523 
179.00000000 .00007712 
180.00000000 .00008005 
181.00000000 .00008078 
182.00000000 .00007953 
183.00000000 .00007968 
184.00000000 .00008246 
185.00000000 .00008492 
186.00000000 .00008461 
187.00000000 .00008345 
188.00000000 .00008476 
189.00000000 .00008798 
190.00000000 .00008952 
191.00000000 .00008843 
192.00000000 .00008794 
193.00000000 .00009038 
194.00000000 .00009346 
195.00000000 .00009386 
196.00000000 .00009248 
197.00000000 .00009309 
198.00000000 .00009634 
199.00000000 .00009871 
200.00000000 .00009804 
201.00000000 .00009700 
202.00000000 .00009888 
203.00000000 .00010239 
204.00000000 .00010364 
205.00000000 .00010230 
206.00000000 .00010217 
207.00000000 .00010517 
208.00000000 .00010829 
209.00000000 .00010830 
210.00000000 .00010689 
211.00000000 .00010804 
212.00000000 .00011172 
213.00000000 .00011388 
214.00000000 .00011287 
215.00000000 .00011206 
216.00000000 .00011455 
217.00000000 .00011824 
218.00000000 .00011912 
219.00000000 .00011761 
220.00000000 .00011795 
221.00000000 .00012149 
222.00000000 .00012452 
223.00000000 .00012411 
224.00000000 .00012280 
225.00000000 .00012457 
226.00000000 .00012857 
227.00000000 .00013041 
228.00000000 .00012910 
229.00000000 .00012866 
230.00000000 .00013177 
231.00000000 .00013551 
232.00000000 .00013594 
233.00000000 .00013436 
234.00000000 .00013529 
235.00000000 .00013930 
236.00000000 .00014209 
237.00000000 .00014128 
238.00000000 .00014019 
239.00000000 .00014263 
240.00000000 .00014684 
241.00000000 .00014825 
242.00000000 .00014671 
243.00000000 .00014677 
244.00000000 .00015048 
245.00000000 .00015411 
246.00000000 .00015406 
247.00000000 .00015254 
248.00000000 .00015414 
249.00000000 .00015852 
250.00000000 .00016094 
251.00000000 .00015976 
252.00000000 .00015905 
253.00000000 .00016217 
254.00000000 .00016643 
255.00000000 .00016732 
256.00000000 .00016567 
257.00000000 .00016635 
258.00000000 .00017058 
259.00000000 .00017394 
260.00000000 .00017340 
261.00000000 .00017210 
262.00000000 .00017442 
263.00000000 .00017902 
264.00000000 .00018095 
265.00000000 .00017948 
266.00000000 .00017929 
267.00000000 .00018305 
268.00000000 .00018719 
269.00000000 .00018752 
270.00000000 .00018590 
271.00000000 .00018729 
272.00000000 .00019191 
273.00000000 .00019485 
274.00000000 .00019388 
275.00000000 .00019295 
276.00000000 .00019599 
277.00000000 .00020064 
278.00000000 .00020198 
279.00000000 .00020035 
280.00000000 .00020081 
281.00000000 .00020512 
282.00000000 .00020894 
283.00000000 .00020872 
284.00000000 .00020729 
285.00000000 .00020945 
286.00000000 .00021429 
287.00000000 .00021667 
288.00000000 .00021534 
289.00000000 .00021495 
290.00000000 .00021867 
291.00000000 .00022317 
292.00000000 .00022387 
293.00000000 .00022223 
294.00000000 .00022342 
295.00000000 .00022814 
296.00000000 .00023149 
297.00000000 .00023074 
298.00000000 .00022968 
299.00000000 .00023260 
300.00000000 .00023748 
301.00000000 .00023920 
302.00000000 .00023764 
303.00000000 .00023791 
304.00000000 .00024221 
305.00000000 .00024635 
306.00000000 .00024641 
307.00000000 .00024493 
308.00000000 .00024691 
309.00000000 .00025187 
310.00000000 .00025459 
311.00000000 .00025341 
312.00000000 .00025287 
313.00000000 .00025650 
314.00000000 .00026120 
315.00000000 .00026219 
316.00000000 .00026057 
317.00000000 .00026160 
318.00000000 .00026632 
319.00000000 .00026993 
320.00000000 .00026938 
321.00000000 .00026823 
322.00000000 .00027101 
323.00000000 .00027599 
324.00000000 .00027796 
325.00000000 .00027649 
326.00000000 .00027661 
327.00000000 .00028083 
328.00000000 .00028515 
329.00000000 .00028540 
330.00000000 .00028389 
331.00000000 .00028572 
332.00000000 .00029069 
333.00000000 .00029359 
334.00000000 .00029253 
335.00000000 .00029189 
336.00000000 .00029539 
337.00000000 .00030017 
338.00000000 .00030133 
339.00000000 .00029972 
340.00000000 .00030060 
341.00000000 .00030526 
342.00000000 .00030899 
343.00000000 .00030854 
344.00000000 .00030733 
345.00000000 .00030996 
346.00000000 .00031494 
347.00000000 .00031702 
348.00000000 .00031558 
349.00000000 .00031558 
350.00000000 .00031969 
351.00000000 .00032405 
352.00000000 .00032438 
353.00000000 .00032282 
354.00000000 .00032451 
355.00000000 .00032941 
356.00000000 .00033237 
357.00000000 .00033133 
358.00000000 .00033058 
359.00000000 .00033394 
360.00000000 .00033870 
361.00000000 .00033989 
362.00000000 .00033824 
363.00000000 .00033898 
364.00000000 .00034353 
365.00000000 .00034725 
366.00000000 .00034680 
367.00000000 .00034548 
368.00000000 .00034797 
369.00000000 .00035287 
370.00000000 .00035494 
371.00000000 .00035344 
372.00000000 .00035329 
373.00000000 .00035727 
374.00000000 .00036157 
375.00000000 .00036186 
376.00000000 .00036019 
377.00000000 .00036171 
378.00000000 .00036650 
379.00000000 .00036941 
380.00000000 .00036828 
381.00000000 .00036736 
382.00000000 .00037057 
383.00000000 .00037523 
384.00000000 .00037636 
385.00000000 .00037457 
386.00000000 .00037512 
387.00000000 .00037953 
388.00000000 .00038316 
389.00000000 .00038260 
390.00000000 .00038110 
391.00000000 .00038339 
392.00000000 .00038817 
393.00000000 .00039015 
394.00000000 .00038848 
395.00000000 .00038811 
396.00000000 .00039192 
397.00000000 .00039611 
398.00000000 .00039626 
399.00000000 .00039438 
400.00000000 .00039568 
401.00000000 .00040031 
402.00000000 .00040310 
403.00000000 .00040179 
404.00000000 .00040062 
405.00000000 .00040362 
406.00000000 .00040814 
407.00000000 .00040912 
408.00000000 .00040709 
409.00000000 .00040737 
410.00000000 .00041160 
411.00000000 .00041510 
412.00000000 .00041435 
413.00000000 .00041255 
414.00000000 .00041458 
415.00000000 .00041920 
416.00000000 .00042103 
417.00000000 .00041911 
418.00000000 .00041843 
419.00000000 .00042199 
420.00000000 .00042604 
421.00000000 .00042601 
422.00000000 .00042381 
423.00000000 .00042479 
424.00000000 .00042922 
425.00000000 .00043187 
426.00000000 .00043031 
427.00000000 .00042878 
428.00000000 .00043147 
429.00000000 .00043583 
430.00000000 .00043664 
431.00000000 .00043429 
432.00000000 .00043419 
433.00000000 .00043815 
434.00000000 .00044151 
435.00000000 .00044053 
436.00000000 .00043836 
437.00000000 .00044001 
438.00000000 .00044441 
439.00000000 .00044609 
440.00000000 .00044387 
441.00000000 .00044276 
442.00000000 .00044598 
443.00000000 .00044986 
444.00000000 .00044965 
445.00000000 .00044707 
446.00000000 .00044760 
447.00000000 .00045174 
448.00000000 .00045425 
449.00000000 .00045243 
450.00000000 .00045046 
451.00000000 .00045272 
452.00000000 .00045686 
453.00000000 .00045752 
454.00000000 .00045483 
455.00000000 .00045423 
456.00000000 .00045781 
457.00000000 .00046101 
458.00000000 .00045983 
459.00000000 .00045722 
460.00000000 .00045836 
461.00000000 .00046247 
462.00000000 .00046402 
463.00000000 .00046152 
464.00000000 .00045989 
465.00000000 .00046264 
466.00000000 .00046630 
467.00000000 .00046594 
468.00000000 .00046298 
469.00000000 .00046294 
470.00000000 .00046669 
471.00000000 .00046905 
472.00000000 .00046702 
473.00000000 .00046455 
474.00000000 .00046625 
475.00000000 .00047010 
476.00000000 .00047064 
477.00000000 .00046764 
478.00000000 .00046646 
479.00000000 .00046954 
480.00000000 .00047254 
481.00000000 .00047122 
482.00000000 .00046818 
483.00000000 .00046870 
484.00000000 .00047240 
485.00000000 .00047383 
486.00000000 .00047111 
487.00000000 .00046893 
488.00000000 .00047108 
489.00000000 .00047446 
490.00000000 .00047400 
491.00000000 .00047070 
492.00000000 .00047002 
493.00000000 .00047325 
494.00000000 .00047544 
495.00000000 .00047329 
496.00000000 .00047034 
497.00000000 .00047137 
498.00000000 .00047481 
499.00000000 .00047527 
500.00000000 .00047205 
501.00000000 .00047026 
502.00000000 .00047270 
503.00000000 .00047545 
504.00000000 .00047407 
505.00000000 .00047066 
506.00000000 .00047049 
507.00000000 .00047366 
508.00000000 .00047496 
509.00000000 .00047214 
510.00000000 .00046943 
511.00000000 .00047086 
512.00000000 .00047386 
513.00000000 .00047337 
514.00000000 .00046984 
515.00000000 .00046850 
516.00000000 .00047107 
517.00000000 .00047305 
518.00000000 .00047088 
519.00000000 .00046753 
520.00000000 .00046781 
521.00000000 .00047074 
522.00000000 .00047113 
523.00000000 .00046781 
524.00000000 .00046545 
525.00000000 .00046715 
526.00000000 .00046956 
527.00000000 .00046820 
528.00000000 .00046454 
529.00000000 .00046365 
530.00000000 .00046618 
531.00000000 .00046733 
532.00000000 .00046451 
533.00000000 .00046137 
534.00000000 .00046203 
535.00000000 .00046455 
536.00000000 .00046405 
537.00000000 .00046042 
538.00000000 .00045846 
539.00000000 .00046029 
540.00000000 .00046200 
541.00000000 .00045988 
542.00000000 .00045627 
543.00000000 .00045581 
544.00000000 .00045812 
545.00000000 .00045843 
546.00000000 .00045513 
547.00000000 .00045230 
548.00000000 .00045321 
549.00000000 .00045520 
550.00000000 .00045389 
551.00000000 .00045013 
552.00000000 .00044860 
553.00000000 .00045039 
554.00000000 .00045135 
555.00000000 .00044862 
556.00000000 .00044519 
557.00000000 .00044508 
558.00000000 .00044703 
559.00000000 .00044653 
560.00000000 .00044294 
561.00000000 .00044048 
562.00000000 .00044152 
563.00000000 .00044288 
564.00000000 .00044088 
565.00000000 .00043715 
566.00000000 .00043601 
567.00000000 .00043764 
568.00000000 .00043783 
569.00000000 .00043467 
570.00000000 .00043151 
571.00000000 .00043166 
572.00000000 .00043314 
573.00000000 .00043191 
574.00000000 .00042819 
575.00000000 .00042612 
576.00000000 .00042716 
577.00000000 .00042786 
578.00000000 .00042531 
579.00000000 .00042174 
580.00000000 .00042093 
581.00000000 .00042226 
582.00000000 .00042173 
583.00000000 .00041830 
584.00000000 .00041549 
585.00000000 .00041577 
586.00000000 .00041672 
587.00000000 .00041487 
588.00000000 .00041118 
589.00000000 .00040948 
590.00000000 .00041040 
591.00000000 .00041043 
592.00000000 .00040748 
593.00000000 .00040417 
594.00000000 .00040362 
595.00000000 .00040456 
596.00000000 .00040339 
597.00000000 .00039985 
598.00000000 .00039740 
599.00000000 .00039771 
600.00000000 .00039809 
601.00000000 .00039576 
602.00000000 .00039221 
603.00000000 .00039084 
604.00000000 .00039153 
605.00000000 .00039094 
606.00000000 .00038776 
607.00000000 .00038476 
608.00000000 .00038437 
609.00000000 .00038487 
610.00000000 .00038316 
611.00000000 .00037965 
612.00000000 .00037755 
613.00000000 .00037780 
614.00000000 .00037762 
615.00000000 .00037494 
616.00000000 .00037163 
617.00000000 .00037051 
618.00000000 .00037091 
619.00000000 .00036977 
620.00000000 .00036650 
621.00000000 .00036383 
622.00000000 .00036352 
623.00000000 .00036356 
624.00000000 .00036144 
625.00000000 .00035805 
626.00000000 .00035627 
627.00000000 .00035637 
628.00000000 .00035568 
629.00000000 .00035280 
630.00000000 .00034978 
631.00000000 .00034884 
632.00000000 .00034890 
633.00000000 .00034732 
634.00000000 .00034407 
635.00000000 .00034174 
636.00000000 .00034141 
637.00000000 .00034100 
638.00000000 .00033860 
639.00000000 .00033543 
640.00000000 .00033390 
641.00000000 .00033380 
642.00000000 .00033267 
643.00000000 .00032971 
644.00000000 .00032700 
645.00000000 .00032618 
646.00000000 .00032588 
647.00000000 .00032396 
648.00000000 .00032084 
649.00000000 .00031881 
650.00000000 .00031841 
651.00000000 .00031760 
652.00000000 .00031503 
653.00000000 .00031213 
654.00000000 .00031080 
655.00000000 .00031046 
656.00000000 .00030897 
657.00000000 .00030605 
658.00000000 .00030365 
659.00000000 .00030286 
660.00000000 .00030224 
661.00000000 .00030009 
662.00000000 .00029717 
663.00000000 .00029540 
664.00000000 .00029487 
665.00000000 .00029373 
666.00000000 .00029111 
667.00000000 .00028849 
668.00000000 .00028730 
669.00000000 .00028671 
670.00000000 .00028497 
671.00000000 .00028216 
672.00000000 .00028005 
673.00000000 .00027926 
674.00000000 .00027834 
675.00000000 .00027607 
676.00000000 .00027338 
677.00000000 .00027182 
678.00000000 .00027115 
679.00000000 .00026975 
680.00000000 .00026717 
681.00000000 .00026483 
682.00000000 .00026373 
683.00000000 .00026292 
684.00000000 .00026101 
685.00000000 .00025838 
686.00000000 .00025652 
687.00000000 .00025568 
688.00000000 .00025452 
689.00000000 .00025224 
690.00000000 .00024980 
691.00000000 .00024840 
692.00000000 .00024759 
693.00000000 .00024600 
694.00000000 .00024353 
695.00000000 .00024146 
696.00000000 .00024041 
697.00000000 .00023940 
698.00000000 .00023742 
699.00000000 .00023500 
700.00000000 .00023335 
701.00000000 .00023245 
702.00000000 .00023112 
703.00000000 .00022888 
704.00000000 .00022670 
705.00000000 .00022542 
706.00000000 .00022447 
707.00000000 .00022278 
708.00000000 .00022048 
709.00000000 .00021864 
710.00000000 .00021761 
711.00000000 .00021645 
712.00000000 .00021447 
713.00000000 .00021228 
714.00000000 .00021080 
715.00000000 .00020984 
716.00000000 .00020839 
717.00000000 .00020627 
718.00000000 .00020433 
719.00000000 .00020314 
720.00000000 .00020208 
721.00000000 .00020036 
722.00000000 .00019824 
723.00000000 .00019661 
724.00000000 .00019558 
725.00000000 .00019432 
726.00000000 .00019241 
727.00000000 .00019045 
728.00000000 .00018911 
729.00000000 .00018809 
730.00000000 .00018659 
731.00000000 .00018461 
732.00000000 .00018290 
733.00000000 .00018177 
734.00000000 .00018064 
735.00000000 .00017894 
736.00000000 .00017703 
737.00000000 .00017558 
738.00000000 .00017454 
739.00000000 .00017323 
740.00000000 .00017143 
741.00000000 .00016968 
742.00000000 .00016846 
743.00000000 .00016740 
744.00000000 .00016591 
745.00000000 .00016410 
746.00000000 .00016258 
747.00000000 .00016150 
748.00000000 .00016033 
749.00000000 .00015871 
750.00000000 .00015700 
751.00000000 .00015570 
752.00000000 .00015467 
753.00000000 .00015335 
754.00000000 .00015168 
755.00000000 .00015014 
756.00000000 .00014901 
757.00000000 .00014793 
758.00000000 .00014649 
759.00000000 .00014486 
760.00000000 .00014351 
761.00000000 .00014248 
762.00000000 .00014131 
763.00000000 .00013979 
764.00000000 .00013827 
765.00000000 .00013710 
766.00000000 .00013608 
767.00000000 .00013480 
768.00000000 .00013328 
769.00000000 .00013192 
770.00000000 .00013088 
771.00000000 .00012981 
772.00000000 .00012845 
773.00000000 .00012699 
774.00000000 .00012580 
775.00000000 .00012481 
776.00000000 .00012367 
777.00000000 .00012227 
778.00000000 .00012094 
779.00000000 .00011987 
780.00000000 .00011888 
781.00000000 .00011767 
782.00000000 .00011631 
783.00000000 .00011511 
784.00000000 .00011413 
785.00000000 .00011310 
786.00000000 .00011184 
787.00000000 .00011056 
788.00000000 .00010949 
789.00000000 .00010855 
790.00000000 .00010747 
791.00000000 .00010621 
792.00000000 .00010504 
793.00000000 .00010407 
794.00000000 .00010312 
795.00000000 .00010200 
796.00000000 .00010079 
797.00000000 .00009973 
798.00000000 .00009883 
799.00000000 .00009785 
800.00000000 .00009671 
801.00000000 .00009558 
802.00000000 .00009463 
803.00000000 .00009374 
804.00000000 .00009273 
805.00000000 .00009161 
806.00000000 .00009059 
807.00000000 .00008971 
808.00000000 .00008882 
809.00000000 .00008779 
810.00000000 .00008673 
811.00000000 .00008580 
812.00000000 .00008496 
813.00000000 .00008406 
814.00000000 .00008303 
815.00000000 .00008205 
816.00000000 .00008120 
817.00000000 .00008038 
818.00000000 .00007946 
819.00000000 .00007847 
820.00000000 .00007757 
821.00000000 .00007678 
822.00000000 .00007596 
823.00000000 .00007504 
824.00000000 .00007411 
825.00000000 .00007329 
826.00000000 .00007253 
827.00000000 .00007170 
828.00000000 .00007080 
829.00000000 .00006994 
830.00000000 .00006918 
831.00000000 .00006843 
832.00000000 .00006760 
833.00000000 .00006674 
834.00000000 .00006596 
835.00000000 .00006524 
836.00000000 .00006450 
837.00000000 .00006368 
838.00000000 .00006288 
839.00000000 .00006216 
840.00000000 .00006147 
841.00000000 .00006073 
842.00000000 .00005994 
843.00000000 .00005919 
844.00000000 .00005852 
845.00000000 .00005785 
846.00000000 .00005712 
847.00000000 .00005637 
848.00000000 .00005568 
849.00000000 .00005505 
850.00000000 .00005438 
851.00000000 .00005367 
852.00000000 .00005297 
853.00000000 .00005234 
854.00000000 .00005173 
855.00000000 .00005107 
856.00000000 .00005039 
857.00000000 .00004974 
858.00000000 .00004915 
859.00000000 .00004855 
860.00000000 .00004791 
861.00000000 .00004727 
862.00000000 .00004667 
863.00000000 .00004611 
864.00000000 .00004553 
865.00000000 .00004491 
866.00000000 .00004431 
867.00000000 .00004376 
868.00000000 .00004322 
869.00000000 .00004265 
870.00000000 .00004206 
871.00000000 .00004150 
872.00000000 .00004098 
873.00000000 .00004046 
874.00000000 .00003991 
875.00000000 .00003936 
876.00000000 .00003884 
877.00000000 .00003835 
878.00000000 .00003785 
879.00000000 .00003732 
880.00000000 .00003680 
881.00000000 .00003632 
882.00000000 .00003585 
883.00000000 .00003536 
884.00000000 .00003486 
885.00000000 .00003438 
886.00000000 .00003393 
887.00000000 .00003348 
888.00000000 .00003301 
889.00000000 .00003254 
890.00000000 .00003209 
891.00000000 .00003167 
892.00000000 .00003124 
893.00000000 .00003079 
894.00000000 .00003034 
895.00000000 .00002992 
896.00000000 .00002953 
897.00000000 .00002912 
898.00000000 .00002869 
899.00000000 .00002827 
900.00000000 .00002788 
901.00000000 .00002751 
902.00000000 .00002711 
903.00000000 .00002670 
904.00000000 .00002631 
905.00000000 .00002596 
906.00000000 .00002560 
907.00000000 .00002522 
908.00000000 .00002483 
909.00000000 .00002448 
910.00000000 .00002415 
911.00000000 .00002381 
912.00000000 .00002344 
913.00000000 .00002307 
914.00000000 .00002275 
915.00000000 .00002245 
916.00000000 .00002211 
917.00000000 .00002176 
918.00000000 .00002142 
919.00000000 .00002113 
920.00000000 .00002084 
921.00000000 .00002051 
922.00000000 .00002017 
923.00000000 .00001987 
924.00000000 .00001961 
925.00000000 .00001933 
926.00000000 .00001901 
927.00000000 .00001869 
928.00000000 .00001843 
929.00000000 .00001819 
930.00000000 .00001791 
931.00000000 .00001759 
932.00000000 .00001730 
933.00000000 .00001708 
934.00000000 .00001685 
935.00000000 .00001657 
936.00000000 .00001626 
937.00000000 .00001602 
938.00000000 .00001582 
939.00000000 .00001559 
940.00000000 .00001530 
941.00000000 .00001502 
942.00000000 .00001482 
943.00000000 .00001464 
944.00000000 .00001440 
945.00000000 .00001411 
946.00000000 .00001387 
947.00000000 .00001371 
948.00000000 .00001354 
949.00000000 .00001328 
950.00000000 .00001300 
951.00000000 .00001281 
952.00000000 .00001268 
953.00000000 .00001249 
954.00000000 .00001222 
955.00000000 .00001198 
956.00000000 .00001183 
957.00000000 .00001172 
958.00000000 .00001150 
959.00000000 .00001123 
960.00000000 .00001103 
961.00000000 .00001094 
962.00000000 .00001081 
963.00000000 .00001057 
964.00000000 .00001031 
965.00000000 .00001017 
966.00000000 .00001010 
967.00000000 .00000995 
968.00000000 .00000968 
969.00000000 .00000946 
970.00000000 .00000939 
971.00000000 .00000932 
972.00000000 .00000912 
973.00000000 .00000885 
974.00000000 .00000870 
975.00000000 .00000867 
976.00000000 .00000858 
977.00000000 .00000834 
978.00000000 .00000809 
979.00000000 .00000802 
980.00000000 .00000801 
981.00000000 .00000787 
982.00000000 .00000759 
983.00000000 .00000741 
984.00000000 .00000740 
985.00000000 .00000739 
986.00000000 .00000718 
987.00000000 .00000691 
988.00000000 .00000680 
989.00000000 .00000685 
990.00000000 .00000678 
991.00000000 .00000652 
992.00000000 .00000628 
993.00000000 .00000628 
994.00000000 .00000633 
995.00000000 .00000619 
996.00000000 .00000589 
997.00000000 .00000574 
998.00000000 .00000581 
999.00000000 .00000584 
1000.00000000 .00000560 
1001.00000000 .00000532 
1002.00000000 .00000528 
1003.00000000 .00000540 
1004.00000000 .00000534 
1005.00000000 .00000504 
1006.00000000 .00000482 
1007.00000000 .00000489 
1008.00000000 .00000500 
1009.00000000 .00000483 
1010.00000000 .00000450 
1011.00000000 .00000440 
1012.00000000 .00000456 
1013.00000000 .00000461 
1014.00000000 .00000433 
1015.00000000 .00000403 
1016.00000000 .00000406 
1017.00000000 .00000426 
1018.00000000 .00000419 
1019.00000000 .00000383 
1020.00000000 .00000363 
1021.00000000 .00000380 
1022.00000000 .00000396 
1023.00000000 .00000375 
1024.00000000 .00000337 
1025.00000000 .00000333 
1026.00000000 .00000359 
1027.00000000 .00000364 
1028.00000000 .00000329 
1029.00000000 .00000298 
1030.00000000 .00000311 
1031.00000000 .00000339 
1032.00000000 .00000328 
1033.00000000 .00000285 
1034.00000000 .00000268 
1035.00000000 .00000296 
1036.00000000 .00000316 
1037.00000000 .00000287 
1038.00000000 .00000245 
1039.00000000 .00000249 
1040.00000000 .00000285 
1041.00000000 .00000289 
1042.00000000 .00000245 
1043.00000000 .00000214 
1044.00000000 .00000238 
1045.00000000 .00000273 
1046.00000000 .00000255 
1047.00000000 .00000204 
1048.00000000 .00000193 
1049.00000000 .00000234 
1050.00000000 .00000256 
1051.00000000 .00000216 
1052.00000000 .00000170 
1053.00000000 .00000184 
1054.00000000 .00000231 
1055.00000000 .00000230 
1056.00000000 .00000175 
1057.00000000 .00000146 
1058.00000000 .00000184 
1059.00000000 .00000225 
1060.00000000 .00000197 
1061.00000000 .00000137 
1062.00000000 .00000135 
1063.00000000 .00000190 
1064.00000000 .00000210 
1065.00000000 .00000157 
1066.00000000 .00000108 
1067.00000000 .00000136 
1068.00000000 .00000194 
1069.00000000 .00000184 
1070.00000000 .00000116 
1071.00000000 .00000091 
1072.00000000 .00000147 
1073.00000000 .00000191 
1074.00000000 .00000148 
1075.00000000 .00000080 
1076.00000000 .00000091 
1077.00000000 .00000161 
1078.00000000 .00000176 
1079.00000000 .00000106 
1080.00000000 .00000057 
1081.00000000 .00000103 
1082.00000000 .00000170 
1083.00000000 .00000147 
1084.00000000 .00000065 
1085.00000000 .00000049 
1086.00000000 .00000124 
1087.00000000 .00000168 
1088.00000000 .00000107 
1089.00000000 .00000032 
1090.00000000 .00000059 
1091.00000000 .00000144 
1092.00000000 .00000150 
1093.00000000 .00000062 
1094.00000000 .00000015 
1095.00000000 .00000083 
1096.00000000 .00000156 
1097.00000000 .00000116 
1098.00000000 .00000020 
1099.00000000 .00000018 
1100.00000000 .00000113 
1101.00000000 .00000152 
1102.00000000 .00000070 
1103.00000000 -.00000009 
1104.00000000 .00000039 
1105.00000000 .00000138 
1106.00000000 .00000129 
1107.00000000 .00000021 
1108.00000000 -.00000018 
1109.00000000 .00000074 
1110.00000000 .00000150 
1111.00000000 .00000087 
1112.00000000 -.00000021 
1113.00000000 -.00000003 
1114.00000000 .00000112 
1115.00000000 .00000141 
1116.00000000 .00000034 
1117.00000000 -.00000044 
1118.00000000 .00000031 
1119.00000000 .00000140 
1120.00000000 .00000109 
1121.00000000 -.00000018 
1122.00000000 -.00000042 
1123.00000000 .00000076 
1124.00000000 .00000149 
1125.00000000 .00000058 
1126.00000000 -.00000057 
1127.00000000 -.00000015 
1128.00000000 .00000119 
1129.00000000 .00000132 
1130.00000000 -.00000001 
1131.00000000 -.00000072 
1132.00000000 .00000032 
1133.00000000 .00000147 
1134.00000000 .00000089 
1135.00000000 -.00000055 
1136.00000000 -.00000058 
1137.00000000 .00000086 
1138.00000000 .00000150 
1139.00000000 .00000028 
1140.00000000 -.00000090 
1141.00000000 -.00000017 
1142.00000000 .00000133 
1143.00000000 .00000121 
1144.00000000 -.00000037 
1145.00000000 -.00000094 
1146.00000000 .00000042 
1147.00000000 .00000157 
1148.00000000 .00000066 
1149.00000000 -.00000091 
1150.00000000 -.00000066 
1151.00000000 .00000104 
1152.00000000 .00000149 
1153.00000000 -.00000005 
1154.00000000 -.00000117 
1155.00000000 -.00000009 
1156.00000000 .00000150 
1157.00000000 .00000107 
1158.00000000 -.00000074 
1159.00000000 -.00000108 
1160.00000000 .00000061 
1161.00000000 .00000167 
1162.00000000 .00000039 
1163.00000000 -.00000124 
1164.00000000 -.00000063 
1165.00000000 .00000127 
1166.00000000 .00000146 
1167.00000000 -.00000040 
1168.00000000 -.00000139 
1169.00000000 .00000008 
1170.00000000 .00000169 
1171.00000000 .00000088 
1172.00000000 -.00000111 
1173.00000000 -.00000113 
1174.00000000 .00000087 
1175.00000000 .00000174 
1176.00000000 .00000007 
1177.00000000 -.00000153 
1178.00000000 -.00000051 
1179.00000000 .00000153 
1180.00000000 .00000136 
1181.00000000 -.00000079 
1182.00000000 -.00000153 
1183.00000000 .00000033 
1184.00000000 .00000187 
1185.00000000 .00000063 
1186.00000000 -.00000146 
1187.00000000 -.00000109 
1188.00000000 .00000118 
1189.00000000 .00000176 
1190.00000000 -.00000030 
1191.00000000 -.00000176 
1192.00000000 -.00000030 
1193.00000000 .00000180 
1194.00000000 .00000120 
1195.00000000 -.00000118 
1196.00000000 -.00000158 
1197.00000000 .00000065 
1198.00000000 .00000200 
1199.00000000 .00000030 
1200.00000000 -.00000178 
1201.00000000 -.00000094 
1202.00000000 .00000151 
1203.00000000 .00000170 
1204.00000000 -.00000070 
1205.00000000 -.00000191 
1206.00000000 .00000001 
1207.00000000 .00000204 
1208.00000000 .00000095 
1209.00000000 -.00000156 
1210.00000000 -.00000153 
1211.00000000 .00000103 
1212.00000000 .00000206 
1213.00000000 -.00000008 
1214.00000000 -.00000203 
1215.00000000 -.00000069 
1216.00000000 .00000184 
1217.00000000 .00000155 
1218.00000000 -.00000113 
1219.00000000 -.00000197 
1220.00000000 .00000038 
1221.00000000 .00000222 
1222.00000000 .00000061 
1223.00000000 -.00000191 
1224.00000000 -.00000136 
1225.00000000 .00000142 
1226.00000000 .00000203 
1227.00000000 -.00000052 
1228.00000000 -.00000221 
1229.00000000 -.00000034 
1230.00000000 .00000213 
1231.00000000 .00000130 
1232.00000000 -.00000156 
1233.00000000 -.00000191 
1234.00000000 .00000082 
1235.00000000 .00000231 
1236.00000000 .00000019 
1237.00000000 -.00000220 
1238.00000000 -.00000108 
1239.00000000 .00000181 
1240.00000000 .00000188 
1241.00000000 -.00000099 
1242.00000000 -.00000227 
1243.00000000 .00000008 
1244.00000000 .00000236 
1245.00000000 .00000094 
1246.00000000 -.00000195 
1247.00000000 -.00000173 
1248.00000000 .00000127 
1249.00000000 .00000230 
1250.00000000 -.00000028 
1251.00000000 -.00000240 
1252.00000000 -.00000069 
1253.00000000 .00000215 
1254.00000000 .00000162 
1255.00000000 -.00000146 
1256.00000000 -.00000221 
1257.00000000 .00000057 
1258.00000000 .00000249 
1259.00000000 .00000049 
1260.00000000 -.00000227 
1261.00000000 -.00000142 
1262.00000000 .00000171 
1263.00000000 .00000216 
1264.00000000 -.00000079 
1265.00000000 -.00000248 
1266.00000000 -.00000022 
1267.00000000 .00000242 
1268.00000000 .00000124 
1269.00000000 -.00000189 
1270.00000000 -.00000202 
1271.00000000 .00000107 
1272.00000000 .00000249 
1273.00000000 -.00000003 
1274.00000000 -.00000249 
1275.00000000 -.00000099 
1276.00000000 .00000210 
1277.00000000 .00000189 
1278.00000000 -.00000131 
1279.00000000 -.00000242 
1280.00000000 .00000032 
1281.00000000 .00000257 
1282.00000000 .00000076 
1283.00000000 -.00000225 
1284.00000000 -.00000169 
1285.00000000 .00000157 
1286.00000000 .00000235 
1287.00000000 -.00000058 
1288.00000000 -.00000259 
1289.00000000 -.00000048 
1290.00000000 .00000240 
1291.00000000 .00000148 
1292.00000000 -.00000178 
1293.00000000 -.00000222 
1294.00000000 .00000088 
1295.00000000 .00000259 
1296.00000000 .00000020 
1297.00000000 -.00000250 
1298.00000000 -.00000123 
1299.00000000 .00000200 
1300.00000000 .00000207 
1301.00000000 -.00000114 
1302.00000000 -.00000253 
1303.00000000 .00000010 
1304.00000000 .00000259 
1305.00000000 .00000097 
1306.00000000 -.00000218 
1307.00000000 -.00000187 
1308.00000000 .00000142 
1309.00000000 .00000246 
1310.00000000 -.00000040 
1311.00000000 -.00000262 
1312.00000000 -.00000068 
1313.00000000 .00000234 
1314.00000000 .00000165 
1315.00000000 -.00000166 
1316.00000000 -.00000233 
1317.00000000 .00000071 
1318.00000000 .00000262 
1319.00000000 .00000038 
1320.00000000 -.00000246 
1321.00000000 -.00000139 
1322.00000000 .00000190 
1323.00000000 .00000217 
1324.00000000 -.00000100 
1325.00000000 -.00000258 
1326.00000000 -.00000006 
1327.00000000 .00000256 
1328.00000000 .00000111 
1329.00000000 -.00000210 
1330.00000000 -.00000197 
1331.00000000 .00000129 
1332.00000000 .00000250 
1333.00000000 -.00000026 
1334.00000000 -.00000261 
1335.00000000 -.00000080 
1336.00000000 .00000228 
1337.00000000 .00000174 
1338.00000000 -.00000156 
1339.00000000 -.00000238 
1340.00000000 .00000059 
1341.00000000 .00000262 
1342.00000000 .00000049 
1343.00000000 -.00000242 
1344.00000000 -.00000147 
1345.00000000 .00000182 
1346.00000000 .00000222 
1347.00000000 -.00000091 
1348.00000000 -.00000259 
1349.00000000 -.00000015 
1350.00000000 .00000253 
1351.00000000 .00000119 
1352.00000000 -.00000204 
1353.00000000 -.00000202 
1354.00000000 .00000121 
1355.00000000 .00000252 
1356.00000000 -.00000018 
1357.00000000 -.00000259 
1358.00000000 -.00000087 
1359.00000000 .00000223 
1360.00000000 .00000179 
1361.00000000 -.00000150 
1362.00000000 -.00000240 
1363.00000000 .00000052 
1364.00000000 .00000261 
1365.00000000 .00000055 
1366.00000000 -.00000239 
1367.00000000 -.00000152 
1368.00000000 .00000177 
1369.00000000 .00000225 
1370.00000000 -.00000085 
1371.00000000 -.00000259 
1372.00000000 -.00000020 
1373.00000000 .00000251 
1374.00000000 .00000123 
1375.00000000 -.00000201 
1376.00000000 -.00000205 
1377.00000000 .00000117 
1378.00000000 .00000253 
1379.00000000 -.00000014 
1380.00000000 -.00000259 
1381.00000000 -.00000092 
1382.00000000 .00000222 
1383.00000000 .00000182 
1384.00000000 -.00000148 
1385.00000000 -.00000243 
1386.00000000 .00000049 
1387.00000000 .00000263 
1388.00000000 .00000059 
1389.00000000 -.00000239 
1390.00000000 -.00000156 
1391.00000000 .00000176 
1392.00000000 .00000228 
1393.00000000 -.00000083 
1394.00000000 -.00000262 
1395.00000000 -.00000024 
1396.00000000 .00000253 
1397.00000000 .00000128 
1398.00000000 -.00000201 
1399.00000000 -.00000210 
1400.00000000 .00000115 
1401.00000000 .00000257 
1402.00000000 -.00000010 
1403.00000000 -.00000262 
1404.00000000 -.00000097 
1405.00000000 .00000223 
1406.00000000 .00000188 
1407.00000000 -.00000146 
1408.00000000 -.00000248 
1409.00000000 .00000045 
1410.00000000 .00000267 
1411.00000000 .00000064 
1412.00000000 -.00000241 
1413.00000000 -.00000163 
1414.00000000 .00000175 
1415.00000000 .00000235 
1416.00000000 -.00000079 
1417.00000000 -.00000268 
1418.00000000 -.00000031 
1419.00000000 .00000256 
1420.00000000 .00000135 
1421.00000000 -.00000200 
1422.00000000 -.00000218 
1423.00000000 .00000111 
1424.00000000 .00000264 
1425.00000000 -.00000003 
1426.00000000 -.00000266 
1427.00000000 -.00000106 
1428.00000000 .00000223 
1429.00000000 .00000197 
1430.00000000 -.00000142 
1431.00000000 -.00000256 
1432.00000000 .00000037 
1433.00000000 .00000272 
1434.00000000 .00000074 
1435.00000000 -.00000242 
1436.00000000 -.00000174 
1437.00000000 .00000171 
1438.00000000 .00000244 
1439.00000000 -.00000071 
1440.00000000 -.00000274 
1441.00000000 -.00000042 
1442.00000000 .00000257 
1443.00000000 .00000148 
1444.00000000 -.00000196 
1445.00000000 -.00000229 
1446.00000000 .00000103 
1447.00000000 .00000271 
1448.00000000 .00000009 
1449.00000000 -.00000268 
1450.00000000 -.00000119 
1451.00000000 .00000219 
1452.00000000 .00000209 
1453.00000000 -.00000133 
1454.00000000 -.00000264 
1455.00000000 .00000024 
1456.00000000 .00000274 
1457.00000000 .00000089 
1458.00000000 -.00000238 
1459.00000000 -.00000187 
1460.00000000 .00000160 
1461.00000000 .00000254 
1462.00000000 -.00000056 
1463.00000000 -.00000277 
1464.00000000 -.00000058 
1465.00000000 .00000253 
1466.00000000 .00000163 
1467.00000000 -.00000185 
1468.00000000 -.00000239 
1469.00000000 .00000087 
1470.00000000 .00000275 
1471.00000000 .00000027 
1472.00000000 -.00000264 
1473.00000000 -.00000136 
1474.00000000 .00000207 
1475.00000000 .00000222 
1476.00000000 -.00000115 
1477.00000000 -.00000270 
1478.00000000 .00000004 
1479.00000000 .00000271 
1480.00000000 .00000108 
1481.00000000 -.00000226 
1482.00000000 -.00000202 
1483.00000000 .00000142 
1484.00000000 .00000260 
1485.00000000 -.00000034 
1486.00000000 -.00000274 
1487.00000000 -.00000079 
1488.00000000 .00000241 
1489.00000000 .00000179 
1490.00000000 -.00000166 
1491.00000000 -.00000247 
1492.00000000 .00000063 
1493.00000000 .00000273 
1494.00000000 .00000050 
1495.00000000 -.00000252 
1496.00000000 -.00000154 
1497.00000000 .00000187 
1498.00000000 .00000231 
1499.00000000 -.00000091 
1500.00000000 -.00000268 
1501.00000000 -.00000021 
1502.00000000 .00000259 
1503.00000000 .00000128 
1504.00000000 -.00000205 
1505.00000000 -.00000212 
1506.00000000 .00000116 
1507.00000000 .00000260 
1508.00000000 -.00000008 
1509.00000000 -.00000262 
1510.00000000 -.00000101 
1511.00000000 .00000219 
1512.00000000 .00000191 
1513.00000000 -.00000139 
1514.00000000 -.00000248 
1515.00000000 .00000035 
1516.00000000 .00000262 
1517.00000000 .00000074 
1518.00000000 -.00000230 
1519.00000000 -.00000169 
1520.00000000 .00000159 
1521.00000000 .00000234 
1522.00000000 -.00000061 
1523.00000000 -.00000258 
1524.00000000 -.00000047 
1525.00000000 .00000237 
1526.00000000 .00000145 
1527.00000000 -.00000176 
1528.00000000 -.00000217 
1529.00000000 .00000085 
1530.00000000 .00000251 
1531.00000000 .00000020 
1532.00000000 -.00000241 
1533.00000000 -.00000120 
1534.00000000 .00000189 
1535.00000000 .00000198 
1536.00000000 -.00000106 
1537.00000000 -.00000240 
1538.00000000 .00000005 
1539.00000000 .00000241 
1540.00000000 .00000095 
1541.00000000 -.00000200 
1542.00000000 -.00000177 
1543.00000000 .00000125 
1544.00000000 .00000227 
1545.00000000 -.00000029 
1546.00000000 -.00000238 
1547.00000000 -.00000070 
1548.00000000 .00000207 
1549.00000000 .00000155 
1550.00000000 -.00000140 
1551.00000000 -.00000212 
1552.00000000 .00000051 
1553.00000000 .00000231 
1554.00000000 .00000045 
1555.00000000 -.00000210 
1556.00000000 -.00000132 
1557.00000000 .00000153 
1558.00000000 .00000195 
1559.00000000 -.00000071 
1560.00000000 -.00000223 
1561.00000000 -.00000022 
1562.00000000 .00000211 
1563.00000000 .00000110 
1564.00000000 -.00000163 
1565.00000000 -.00000176 
1566.00000000 .00000088 
1567.00000000 .00000211 
1568.00000000 .00000000 
1569.00000000 -.00000209 
1570.00000000 -.00000087 
1571.00000000 .00000170 
1572.00000000 .00000157 
1573.00000000 -.00000103 
1574.00000000 -.00000198 
1575.00000000 .00000020 
1576.00000000 .00000204 
1577.00000000 .00000065 
1578.00000000 -.00000174 
1579.00000000 -.00000137 
1580.00000000 .00000116 
1581.00000000 .00000183 
1582.00000000 -.00000038 
1583.00000000 -.00000197 
1584.00000000 -.00000044 
1585.00000000 .00000176 
1586.00000000 .00000117 
1587.00000000 -.00000125 
1588.00000000 -.00000167 
1589.00000000 .00000054 
1590.00000000 .00000187 
1591.00000000 .00000024 
1592.00000000 -.00000175 
1593.00000000 -.00000096 
1594.00000000 .00000132 
1595.00000000 .00000150 
1596.00000000 -.00000068 
1597.00000000 -.00000176 
1598.00000000 -.00000006 
1599.00000000 .00000171 
1600.00000000 .00000077 
1601.00000000 -.00000136 
1602.00000000 -.00000132 
1603.00000000 .00000079 
1604.00000000 .00000163 
1605.00000000 -.00000010 
1606.00000000 -.00000165 
1607.00000000 -.00000058 
1608.00000000 .00000138 
1609.00000000 .00000115 
1610.00000000 -.00000089 
1611.00000000 -.00000150 
1612.00000000 .00000025 
1613.00000000 .00000158 
1614.00000000 .00000041 
1615.00000000 -.00000138 
1616.00000000 -.00000097 
1617.00000000 .00000095 
1618.00000000 .00000135 
1619.00000000 -.00000038 
1620.00000000 -.00000149 
1621.00000000 -.00000025 
1622.00000000 .00000136 
1623.00000000 .00000081 
1624.00000000 -.00000100 
1625.00000000 -.00000121 
1626.00000000 .00000048 
1627.00000000 .00000138 
1628.00000000 .00000010 
1629.00000000 -.00000132 
1630.00000000 -.00000064 
1631.00000000 .00000103 
1632.00000000 .00000106 
1633.00000000 -.00000057 
1634.00000000 -.00000127 
1635.00000000 .00000003 
1636.00000000 .00000126 
1637.00000000 .00000049 
1638.00000000 -.00000103 
1639.00000000 -.00000091 
1640.00000000 .00000063 
1641.00000000 .00000116 
1642.00000000 -.00000014 
1643.00000000 -.00000119 
1644.00000000 -.00000035 
1645.00000000 .00000102 
1646.00000000 .00000077 
1647.00000000 -.00000068 
1648.00000000 -.00000104 
1649.00000000 .00000024 
1650.00000000 .00000111 
1651.00000000 .00000023 
1652.00000000 -.00000099 
1653.00000000 -.00000063 
1654.00000000 .00000071 
1655.00000000 .00000091 
1656.00000000 -.00000032 
1657.00000000 -.00000103 
1658.00000000 -.00000011 
1659.00000000 .00000096 
1660.00000000 .00000051 
1661.00000000 -.00000072 
1662.00000000 -.00000080 
1663.00000000 .00000038 
1664.00000000 .00000093 
1665.00000000 .00000002 
1666.00000000 -.00000091 
1667.00000000 -.00000039 
1668.00000000 .00000072 
1669.00000000 .00000068 
1670.00000000 -.00000042 
1671.00000000 -.00000084 
1672.00000000 .00000007 
1673.00000000 .00000085 
1674.00000000 .00000028 
1675.00000000 -.00000071 
1676.00000000 -.00000057 
1677.00000000 .00000046 
1678.00000000 .00000075 
1679.00000000 -.00000014 
1680.00000000 -.00000078 
1681.00000000 -.00000019 
1682.00000000 .00000069 
1683.00000000 .00000047 
1684.00000000 -.00000047 
1685.00000000 -.00000065 
1686.00000000 .00000019 
1687.00000000 .00000072 
1688.00000000 .00000011 
1689.00000000 -.00000065 
1690.00000000 -.00000037 
1691.00000000 .00000048 
1692.00000000 .00000056 
1693.00000000 -.00000024 
1694.00000000 -.00000065 
1695.00000000 -.00000004 
1696.00000000 .00000061 
1697.00000000 .00000029 
1698.00000000 -.00000048 
1699.00000000 -.00000048 
1700.00000000 .00000027 
1701.00000000 .00000058 
1702.00000000 -.00000002 
1703.00000000 -.00000057 
1704.00000000 -.00000021 
1705.00000000 .00000046 
1706.00000000 .00000040 
1707.00000000 -.00000029 
1708.00000000 -.00000051 
1709.00000000 .00000007 
1710.00000000 .00000052 
1711.00000000 .00000015 
1712.00000000 -.00000044 
1713.00000000 -.00000033 
1714.00000000 .00000030 
1715.00000000 .00000044 
1716.00000000 -.00000011 
1717.00000000 -.00000047 
1718.00000000 -.00000009 
1719.00000000 .00000042 
1720.00000000 .00000026 
1721.00000000 -.00000030 
1722.00000000 -.00000037 
1723.00000000 .00000014 
1724.00000000 .00000042 
1725.00000000 .00000004 
1726.00000000 -.00000039 
1727.00000000 -.00000020 
1728.00000000 .00000030 
1729.00000000 .00000032 
1730.00000000 -.00000016 
1731.00000000 -.00000037 
1732.00000000 -.00000000 
1733.00000000 .00000036 
1734.00000000 .00000015 
1735.00000000 -.00000029 
1736.00000000 -.00000026 
1737.00000000 .00000017 
1738.00000000 .00000032 
1739.00000000 -.00000003 
1740.00000000 -.00000032 
1741.00000000 -.00000010 
1742.00000000 .00000027 
1743.00000000 .00000021 
1744.00000000 -.00000018 
1745.00000000 -.00000028 
1746.00000000 .00000006 
1747.00000000 .00000029 
1748.00000000 .00000007 
1749.00000000 -.00000025 
1750.00000000 -.00000017 
1751.00000000 .00000018 
1752.00000000 .00000023 
1753.00000000 -.00000007 
1754.00000000 -.00000026 
1755.00000000 -.00000003 
1756.00000000 .00000023 
1757.00000000 .00000013 
1758.00000000 -.00000017 
1759.00000000 -.00000020 
1760.00000000 .00000009 
1761.00000000 .00000022 
1762.00000000 .00000001 
1763.00000000 -.00000021 
1764.00000000 -.00000010 
1765.00000000 .00000017 
1766.00000000 .00000016 
1767.00000000 -.00000009 
1768.00000000 -.00000019 
1769.00000000 .00000001 
1770.00000000 .00000019 
1771.00000000 .00000007 
1772.00000000 -.00000016 
1773.00000000 -.00000013 
1774.00000000 .00000010 
1775.00000000 .00000016 
1776.00000000 -.00000003 
1777.00000000 -.00000017 
1778.00000000 -.00000004 
1779.00000000 .00000014 
1780.00000000 .00000010 
1781.00000000 -.00000010 
1782.00000000 -.00000014 
1783.00000000 .00000004 
1784.00000000 .00000015 
1785.00000000 .00000002 
1786.00000000 -.00000013 
1787.00000000 -.00000008 
1788.00000000 .00000010 
1789.00000000 .00000011 
1790.00000000 -.00000004 
1791.00000000 -.00000013 
1792.00000000 -.00000001 
1793.00000000 .00000012 
1794.00000000 .00000006 
1795.00000000 -.00000009 
1796.00000000 -.00000009 
1797.00000000 .00000005 
1798.00000000 .00000011 
1799.00000000 -.00000000 
1800.00000000 -.00000011 
1801.00000000 -.00000004 
1802.00000000 .00000008 
1803.00000000 .00000007 
1804.00000000 -.00000005 
1805.00000000 -.00000009 
1806.00000000 .00000001 
1807.00000000 .00000009 
1808.00000000 .00000003 
1809.00000000 -.00000008 
1810.00000000 -.00000006 
1811.00000000 .00000005 
1812.00000000 .00000008 
1813.00000000 -.00000002 
1814.00000000 -.00000008 
1815.00000000 -.00000002 
1816.00000000 .00000007 
1817.00000000 .00000004 
1818.00000000 -.00000005 
1819.00000000 -.00000006 
1820.00000000 .00000002 
1821.00000000 .00000007 
1822.00000000 .00000001 
1823.00000000 -.00000006 
1824.00000000 -.00000003 
1825.00000000 .00000005 
1826.00000000 .00000005 
1827.00000000 -.00000002 
1828.00000000 -.00000006 
1829.00000000 -.00000000 
1830.00000000 .00000006 
1831.00000000 .00000002 
1832.00000000 -.00000004 
1833.00000000 -.00000004 
1834.00000000 .00000003 
1835.00000000 .00000005 
1836.00000000 -.00000000 
1837.00000000 -.00000005 
1838.00000000 -.00000002 
1839.00000000 .00000004 
1840.00000000 .00000003 
1841.00000000 -.00000003 
1842.00000000 -.00000004 
1843.00000000 .00000001 
1844.00000000 .00000004 
1845.00000000 .00000001 
1846.00000000 -.00000004 
1847.00000000 -.00000002 
1848.00000000 .00000002 
1849.00000000 .00000003 
1850.00000000 -.00000001 
1851.00000000 -.00000003 
1852.00000000 -.00000000 
1853.00000000 .00000003 
1854.00000000 .00000002 
1855.00000000 -.00000002 
1856.00000000 -.00000003 
1857.00000000 .00000001 
1858.00000000 .00000003 
1859.00000000 .00000000 
1860.00000000 -.00000003 
1861.00000000 -.00000001 
1862.00000000 .00000002 
1863.00000000 .00000002 
1864.00000000 -.00000001 
1865.00000000 -.00000002 
1866.00000000 .00000000 
1867.00000000 .00000002 
1868.00000000 .00000001 
1869.00000000 -.00000002 
1870.00000000 -.00000002 
1871.00000000 .00000001 
1872.00000000 .00000002 
1873.00000000 -.00000000 
1874.00000000 -.00000002 
1875.00000000 -.00000000 
1876.00000000 .00000002 
1877.00000000 .00000001 
1878.00000000 -.00000001 
1879.00000000 -.00000002 
1880.00000000 .00000000 
1881.00000000 .00000002 
1882.00000000 .00000000 
1883.00000000 -.00000001 
1884.00000000 -.00000001 
1885.00000000 .00000001 
1886.00000000 .00000001 
1887.00000000 -.00000000 
1888.00000000 -.00000001 
1889.00000000 -.00000000 
1890.00000000 .00000001 
1891.00000000 .00000001 
1892.00000000 -.00000001 
1893.00000000 -.00000001 
1894.00000000 .00000001 
1895.00000000 .00000001 
1896.00000000 -.00000000 
1897.00000000 -.00000001 
1898.00000000 -.00000000 
1899.00000000 .00000001 
1900.00000000 .00000001 
1901.00000000 -.00000001 
1902.00000000 -.00000001 
1903.00000000 .00000000 
1904.00000000 .00000001 
1905.00000000 .00000000 
1906.00000000 -.00000001 
1907.00000000 -.00000001 
1908.00000000 .00000000 
1909.00000000 .00000001 
1910.00000000 -.00000000 
1911.00000000 -.00000001 
1912.00000000 -.00000000 
1913.00000000 .00000001 
1914.00000000 .00000000 
1915.00000000 -.00000000 
1916.00000000 -.00000001 
1917.00000000 .00000000 
1918.00000000 .00000001 
1919.00000000 .00000000 
1920.00000000 -.00000001 
1921.00000000 -.00000000 
1922.00000000 .00000000 
1923.00000000 .00000000 
1924.00000000 -.00000000 
1925.00000000 -.00000000 
1926.00000000 .00000000 
1927.00000000 .00000000 
1928.00000000 .00000000 
1929.00000000 -.00000000 
1930.00000000 -.00000000 
1931.00000000 .00000000 
1932.00000000 .00000000 
1933.00000000 -.00000000 
1934.00000000 -.00000000 
1935.00000000 -.00000000 
1936.00000000 .00000000 
1937.00000000 .00000000 
1938.00000000 -.00000000 
1939.00000000 -.00000000 
1940.00000000 .00000000 
1941.00000000 .00000000 
1942.00000000 .00000000 
1943.00000000 -.00000000 
1944.00000000 -.00000000 
1945.00000000 .00000000 
1946.00000000 .00000000 
1947.00000000 -.00000000 
1948.00000000 -.00000000 
1949.00000000 -.00000000 
1950.00000000 .00000000 
1951.00000000 .00000000 
1952.00000000 -.00000000 
1953.00000000 -.00000000 
1954.00000000 .00000000 
1955.00000000 .00000000 
1956.00000000 -.00000000 
1957.00000000 -.00000000 
1958.00000000 -.00000000 
1959.00000000 .00000000 
1960.00000000 .00000000 
1961.00000000 -.00000000 
1962.00000000 -.00000000 
1963.00000000 .00000000 
1964.00000000 .00000000 
1965.00000000 .00000000 
1966.00000000 -.00000000 
1967.00000000 -.00000000 
1968.00000000 .00000000 
1969.00000000 .00000000 
1970.00000000 -.00000000 
1971.00000000 -.00000000 
1972.00000000 -.00000000 
1973.00000000 .00000000 
1974.00000000 .00000000 
1975.00000000 -.00000000 
1976.00000000 -.00000000 
1977.00000000 .00000000 
1978.00000000 .00000000 
1979.00000000 .00000000 
1980.00000000 -.00000000 
1981.00000000 -.00000000 
1982.00000000 .00000000 
1983.00000000 .00000000 
1984.00000000 -.00000000 
1985.00000000 -.00000000 
1986.00000000 .00000000 
1987.00000000 .00000000 
1988.00000000 .00000000 
1989.00000000 -.00000000 
1990.00000000 -.00000000 
1991.00000000 .00000000 
1992.00000000 .00000000 
1993.00000000 -.00000000 
1994.00000000 -.00000000 
1995.00000000 .00000000 
1996.00000000 .00000000 
1997.00000000 -.00000000 
1998.00000000 -.00000000 
1999.00000000 .00000000 
2000.00000000 .00000000 
