 0.10833333333333E+001      0.00000000000000E+000
 0.10740652664888E+001      0.14140337490104E+000
 0.10464196451486E+001      0.28038729885323E+000
 0.10008694935585E+001      0.41457371838428E+000
 0.93819418744125E+000      0.54166666665263E+000
 0.85946611866118E+000      0.65949154807670E+000
 0.76603234630262E+000      0.76603234626823E+000
 0.65949154811529E+000      0.85946611863157E+000
 0.54166666669475E+000      0.93819418741693E+000
 0.41457371842922E+000      0.10008694935399E+001
 0.28038729890021E+000      0.10464196451360E+001
 0.14140337494926E+000      0.10740652664825E+001
 0.48637974850575E-010      0.10833333333333E+001
-0.14140337485282E+000      0.10740652664952E+001
-0.28038729880625E+000      0.10464196451612E+001
-0.41457371833934E+000      0.10008694935772E+001
-0.54166666661050E+000      0.93819418746557E+000
-0.65949154803812E+000      0.85946611869078E+000
-0.76603234623384E+000      0.76603234633701E+000
-0.85946611860196E+000      0.65949154815388E+000
-0.93819418739261E+000      0.54166666673687E+000
-0.10008694935213E+001      0.41457371847415E+000
-0.10464196451234E+001      0.28038729894720E+000
-0.10740652664761E+001      0.14140337499748E+000
-0.10833333333333E+001      0.97275949701150E-010
-0.10740652665015E+001     -0.14140337480459E+000
-0.10464196451738E+001     -0.28038729875927E+000
-0.10008694935958E+001     -0.41457371829441E+000
-0.93819418748989E+000     -0.54166666656838E+000
-0.85946611872039E+000     -0.65949154799953E+000
-0.76603234637141E+000     -0.76603234619945E+000
-0.65949154819246E+000     -0.85946611857235E+000
-0.54166666677899E+000     -0.93819418736829E+000
-0.41457371851909E+000     -0.10008694935027E+001
-0.28038729899418E+000     -0.10464196451108E+001
-0.14140337504570E+000     -0.10740652664698E+001
-0.14591392455173E-009     -0.10833333333333E+001
 0.14140337475637E+000     -0.10740652665079E+001
 0.28038729871229E+000     -0.10464196451864E+001
 0.41457371824947E+000     -0.10008694936144E+001
 0.54166666652626E+000     -0.93819418751421E+000
 0.65949154796094E+000     -0.85946611875000E+000
 0.76603234616505E+000     -0.76603234640580E+000
 0.85946611854274E+000     -0.65949154823105E+000
 0.93819418734397E+000     -0.54166666682111E+000
 0.10008694934841E+001     -0.41457371856402E+000
 0.10464196450982E+001     -0.28038729904116E+000
 0.10740652664634E+001     -0.14140337509393E+000
 0.11666666666667E+001      0.00000000000000E+000
 0.11566856716033E+001      0.15228055758573E+000
 0.11269134640062E+001      0.30195555261118E+000
 0.10778594546015E+001      0.44646400441384E+000
 0.10103629710906E+001      0.58333333331821E+000
 0.92557889701973E+000      0.71022166715953E+000
 0.82495791140282E+000      0.82495791136579E+000
 0.71022166720108E+000      0.92557889698784E+000
 0.58333333336357E+000      0.10103629710644E+001
 0.44646400446223E+000      0.10778594545815E+001
 0.30195555266177E+000      0.11269134639926E+001
 0.15228055763766E+000      0.11566856715965E+001
 0.52379357531389E-010      0.11666666666667E+001
-0.15228055753380E+000      0.11566856716102E+001
-0.30195555256058E+000      0.11269134640197E+001
-0.44646400436545E+000      0.10778594546216E+001
-0.58333333327285E+000      0.10103629711168E+001
-0.71022166711797E+000      0.92557889705161E+000
-0.82495791132875E+000      0.82495791143986E+000
-0.92557889695595E+000      0.71022166724264E+000
-0.10103629710382E+001      0.58333333340894E+000
-0.10778594545614E+001      0.44646400451062E+000
-0.11269134639791E+001      0.30195555271236E+000
-0.11566856715897E+001      0.15228055768960E+000
-0.11666666666667E+001      0.10475871506278E-009
-0.11566856716170E+001     -0.15228055748187E+000
-0.11269134640333E+001     -0.30195555250999E+000
-0.10778594546416E+001     -0.44646400431706E+000
-0.10103629711430E+001     -0.58333333322749E+000
-0.92557889708350E+000     -0.71022166707642E+000
-0.82495791147690E+000     -0.82495791129171E+000
-0.71022166728419E+000     -0.92557889692407E+000
-0.58333333345430E+000     -0.10103629710120E+001
-0.44646400455902E+000     -0.10778594545414E+001
-0.30195555276296E+000     -0.11269134639655E+001
-0.15228055774153E+000     -0.11566856715828E+001
-0.15713807259417E-009     -0.11666666666667E+001
 0.15228055742994E+000     -0.11566856716239E+001
 0.30195555245939E+000     -0.11269134640468E+001
 0.44646400426866E+000     -0.10778594546616E+001
 0.58333333318213E+000     -0.10103629711691E+001
 0.71022166703486E+000     -0.92557889711539E+000
 0.82495791125467E+000     -0.82495791151394E+000
 0.92557889689218E+000     -0.71022166732575E+000
 0.10103629709858E+001     -0.58333333349966E+000
 0.10778594545213E+001     -0.44646400460741E+000
 0.11269134639519E+001     -0.30195555281355E+000
 0.11566856715760E+001     -0.15228055779346E+000
 0.12500000000000E+001      0.00000000000000E+000
 0.12393060767179E+001      0.16315774027043E+000
 0.12074072828638E+001      0.32352380636912E+000
 0.11548494156445E+001      0.47835429044340E+000
 0.10825317547399E+001      0.62499999998380E+000
 0.99169167537828E+000      0.76095178624235E+000
 0.88388347650303E+000      0.88388347646334E+000
 0.76095178628687E+000      0.99169167534411E+000
 0.62500000003240E+000      0.10825317547118E+001
 0.47835429049525E+000      0.11548494156230E+001
 0.32352380642332E+000      0.12074072828492E+001
 0.16315774032607E+000      0.12393060767105E+001
 0.56120740212202E-010      0.12500000000000E+001
-0.16315774021479E+000      0.12393060767252E+001
-0.32352380631491E+000      0.12074072828783E+001
-0.47835429039155E+000      0.11548494156660E+001
-0.62499999993520E+000      0.10825317547680E+001
-0.76095178619783E+000      0.99169167541244E+000
-0.88388347642366E+000      0.88388347654271E+000
-0.99169167530995E+000      0.76095178633140E+000
-0.10825317546838E+001      0.62500000008100E+000
-0.11548494156015E+001      0.47835429054710E+000
-0.12074072828347E+001      0.32352380647753E+000
-0.12393060767032E+001      0.16315774038171E+000
-0.12500000000000E+001      0.11224148042440E-009
-0.12393060767325E+001     -0.16315774015915E+000
-0.12074072828928E+001     -0.32352380626070E+000
-0.11548494156874E+001     -0.47835429033970E+000
-0.10825317547960E+001     -0.62499999988660E+000
-0.99169167544661E+000     -0.76095178615330E+000
-0.88388347658239E+000     -0.88388347638398E+000
-0.76095178637592E+000     -0.99169167527579E+000
-0.62500000012961E+000     -0.10825317546557E+001
-0.47835429059895E+000     -0.11548494155800E+001
-0.32352380653174E+000     -0.12074072828202E+001
-0.16315774043735E+000     -0.12393060766959E+001
-0.16836222063661E-009     -0.12500000000000E+001
 0.16315774010351E+000     -0.12393060767398E+001
 0.32352380620649E+000     -0.12074072829073E+001
 0.47835429028785E+000     -0.11548494157089E+001
 0.62499999983799E+000     -0.10825317548241E+001
 0.76095178610878E+000     -0.99169167548077E+000
 0.88388347634429E+000     -0.88388347662208E+000
 0.99169167524162E+000     -0.76095178642044E+000
 0.10825317546277E+001     -0.62500000017821E+000
 0.11548494155586E+001     -0.47835429065079E+000
 0.12074072828057E+001     -0.32352380658595E+000
 0.12393060766886E+001     -0.16315774049299E+000
 0.13333333333333E+001      0.00000000000000E+000
 0.13219264818324E+001      0.17403492295512E+000
 0.12879011017213E+001      0.34509206012706E+000
 0.12318393766874E+001      0.51024457647296E+000
 0.11547005383892E+001      0.66666666664939E+000
 0.10578044537368E+001      0.81168190532517E+000
 0.94280904160323E+000      0.94280904156090E+000
 0.81168190537266E+000      0.10578044537004E+001
 0.66666666670123E+000      0.11547005383593E+001
 0.51024457652827E+000      0.12318393766645E+001
 0.34509206018488E+000      0.12879011017058E+001
 0.17403492301447E+000      0.13219264818246E+001
 0.59862122893015E-010      0.13333333333333E+001
-0.17403492289577E+000      0.13219264818402E+001
-0.34509206006923E+000      0.12879011017368E+001
-0.51024457641765E+000      0.12318393767104E+001
-0.66666666659754E+000      0.11547005384192E+001
-0.81168190527768E+000      0.10578044537733E+001
-0.94280904151857E+000      0.94280904164556E+000
-0.10578044536639E+001      0.81168190542016E+000
-0.11547005383294E+001      0.66666666675307E+000
-0.12318393766416E+001      0.51024457658357E+000
-0.12879011016904E+001      0.34509206024270E+000
-0.13219264818168E+001      0.17403492307382E+000
-0.13333333333333E+001      0.11972424578603E-009
-0.13219264818480E+001     -0.17403492283642E+000
-0.12879011017523E+001     -0.34509206001141E+000
-0.12318393767333E+001     -0.51024457636235E+000
-0.11547005384491E+001     -0.66666666654570E+000
-0.10578044538097E+001     -0.81168190523019E+000
-0.94280904168789E+000     -0.94280904147624E+000
-0.81168190546765E+000     -0.10578044536275E+001
-0.66666666680491E+000     -0.11547005382994E+001
-0.51024457663888E+000     -0.12318393766187E+001
-0.34509206030052E+000     -0.12879011016749E+001
-0.17403492313317E+000     -0.13219264818090E+001
-0.17958636867905E-009     -0.13333333333333E+001
 0.17403492277707E+000     -0.13219264818558E+001
 0.34509205995359E+000     -0.12879011017678E+001
 0.51024457630704E+000     -0.12318393767562E+001
 0.66666666649386E+000     -0.11547005384790E+001
 0.81168190518270E+000     -0.10578044538462E+001
 0.94280904143391E+000     -0.94280904173021E+000
 0.10578044535911E+001     -0.81168190551514E+000
 0.11547005382695E+001     -0.66666666685675E+000
 0.12318393765958E+001     -0.51024457669418E+000
 0.12879011016594E+001     -0.34509206035835E+000
 0.13219264818011E+001     -0.17403492319252E+000
 0.14166666666667E+001      0.00000000000000E+000
 0.14045468869469E+001      0.18491210563982E+000
 0.13683949205789E+001      0.36666031388500E+000
 0.13088293377304E+001      0.54213486250252E+000
 0.12268693220386E+001      0.70833333331497E+000
 0.11239172320954E+001      0.86241202440800E+000
 0.10017346067034E+001      0.10017346066585E+001
 0.86241202445846E+000      0.11239172320567E+001
 0.70833333337005E+000      0.12268693220068E+001
 0.54213486256128E+000      0.13088293377061E+001
 0.36666031394643E+000      0.13683949205625E+001
 0.18491210570288E+000      0.14045468869386E+001
 0.63603505573829E-010      0.14166666666667E+001
-0.18491210557676E+000      0.14045468869552E+001
-0.36666031382356E+000      0.13683949205954E+001
-0.54213486244376E+000      0.13088293377547E+001
-0.70833333325989E+000      0.12268693220704E+001
-0.86241202435754E+000      0.11239172321341E+001
-0.10017346066135E+001      0.10017346067484E+001
-0.11239172320179E+001      0.86241202450892E+000
-0.12268693219750E+001      0.70833333342514E+000
-0.13088293376817E+001      0.54213486262004E+000
-0.13683949205460E+001      0.36666031400787E+000
-0.14045468869303E+001      0.18491210576594E+000
-0.14166666666667E+001      0.12720701114766E-009
-0.14045468869635E+001     -0.18491210551370E+000
-0.13683949206118E+001     -0.36666031376213E+000
-0.13088293377791E+001     -0.54213486238500E+000
-0.12268693221022E+001     -0.70833333320481E+000
-0.11239172321728E+001     -0.86241202430708E+000
-0.10017346067934E+001     -0.10017346065685E+001
-0.86241202455938E+000     -0.11239172319792E+001
-0.70833333348022E+000     -0.12268693219431E+001
-0.54213486267881E+000     -0.13088293376574E+001
-0.36666031406931E+000     -0.13683949205295E+001
-0.18491210582900E+000     -0.14045468869220E+001
-0.19081051672149E-009     -0.14166666666667E+001
 0.18491210545064E+000     -0.14045468869718E+001
 0.36666031370069E+000     -0.13683949206283E+001
 0.54213486232623E+000     -0.13088293378034E+001
 0.70833333314973E+000     -0.12268693221340E+001
 0.86241202425662E+000     -0.11239172322115E+001
 0.10017346065235E+001     -0.10017346068384E+001
 0.11239172319405E+001     -0.86241202460984E+000
 0.12268693219113E+001     -0.70833333353530E+000
 0.13088293376330E+001     -0.54213486273757E+000
 0.13683949205131E+001     -0.36666031413074E+000
 0.14045468869137E+001     -0.18491210589206E+000
 0.15000000000000E+001      0.00000000000000E+000
 0.14871672920614E+001      0.19578928832451E+000
 0.14488887394365E+001      0.38822856764294E+000
 0.13858192987734E+001      0.57402514853208E+000
 0.12990381056879E+001      0.74999999998056E+000
 0.11900300104539E+001      0.91314214349082E+000
 0.10606601718036E+001      0.10606601717560E+001
 0.91314214354425E+000      0.11900300104129E+001
 0.75000000003888E+000      0.12990381056542E+001
 0.57402514859430E+000      0.13858192987476E+001
 0.38822856770799E+000      0.14488887394191E+001
 0.19578928839128E+000      0.14871672920527E+001
 0.67344888254642E-010      0.15000000000000E+001
-0.19578928825774E+000      0.14871672920702E+001
-0.38822856757789E+000      0.14488887394539E+001
-0.57402514846986E+000      0.13858192987991E+001
-0.74999999992224E+000      0.12990381057216E+001
-0.91314214343739E+000      0.11900300104949E+001
-0.10606601717084E+001      0.10606601718513E+001
-0.11900300103719E+001      0.91314214359768E+000
-0.12990381056205E+001      0.75000000009720E+000
-0.13858192987218E+001      0.57402514865652E+000
-0.14488887394016E+001      0.38822856777304E+000
-0.14871672920439E+001      0.19578928845805E+000
-0.15000000000000E+001      0.13468977650928E-009
-0.14871672920790E+001     -0.19578928819098E+000
-0.14488887394714E+001     -0.38822856751284E+000
-0.13858192988249E+001     -0.57402514840764E+000
-0.12990381057552E+001     -0.74999999986391E+000
-0.11900300105359E+001     -0.91314214338396E+000
-0.10606601718989E+001     -0.10606601716608E+001
-0.91314214365110E+000     -0.11900300103309E+001
-0.75000000015553E+000     -0.12990381055869E+001
-0.57402514871874E+000     -0.13858192986961E+001
-0.38822856783809E+000     -0.14488887393842E+001
-0.19578928852482E+000     -0.14871672920351E+001
-0.20203466476393E-009     -0.15000000000000E+001
 0.19578928812421E+000     -0.14871672920878E+001
 0.38822856744779E+000     -0.14488887394888E+001
 0.57402514834542E+000     -0.13858192988507E+001
 0.74999999980559E+000     -0.12990381057889E+001
 0.91314214333053E+000     -0.11900300105769E+001
 0.10606601716132E+001     -0.10606601719465E+001
 0.11900300102899E+001     -0.91314214370453E+000
 0.12990381055532E+001     -0.75000000021385E+000
 0.13858192986703E+001     -0.57402514878095E+000
 0.14488887393668E+001     -0.38822856790314E+000
 0.14871672920263E+001     -0.19578928859159E+000
 0.15833333333333E+001      0.00000000000000E+000
 0.15697876971760E+001      0.20666647100921E+000
 0.15293825582941E+001      0.40979682140088E+000
 0.14628092598163E+001      0.60591543456164E+000
 0.13712068893372E+001      0.79166666664615E+000
 0.12561427888125E+001      0.96387226257364E+000
 0.11195857369038E+001      0.11195857368536E+001
 0.96387226263004E+000      0.12561427887692E+001
 0.79166666670771E+000      0.13712068893017E+001
 0.60591543462732E+000      0.14628092597891E+001
 0.40979682146954E+000      0.15293825582757E+001
 0.20666647107969E+000      0.15697876971667E+001
 0.71086270935456E-010      0.15833333333333E+001
-0.20666647093873E+000      0.15697876971853E+001
-0.40979682133222E+000      0.15293825583125E+001
-0.60591543449596E+000      0.14628092598435E+001
-0.79166666658458E+000      0.13712068893728E+001
-0.96387226251725E+000      0.12561427888558E+001
-0.11195857368033E+001      0.11195857369541E+001
-0.12561427887259E+001      0.96387226268644E+000
-0.13712068892661E+001      0.79166666676927E+000
-0.14628092597619E+001      0.60591543469299E+000
-0.15293825582573E+001      0.40979682153821E+000
-0.15697876971574E+001      0.20666647115017E+000
-0.15833333333333E+001      0.14217254187091E-009
-0.15697876971945E+001     -0.20666647086825E+000
-0.15293825583309E+001     -0.40979682126355E+000
-0.14628092598707E+001     -0.60591543443029E+000
-0.13712068894083E+001     -0.79166666652302E+000
-0.12561427888990E+001     -0.96387226246085E+000
-0.11195857370044E+001     -0.11195857367530E+001
-0.96387226274283E+000     -0.12561427886827E+001
-0.79166666683083E+000     -0.13712068892306E+001
-0.60591543475867E+000     -0.14628092597347E+001
-0.40979682160687E+000     -0.15293825582389E+001
-0.20666647122064E+000     -0.15697876971481E+001
-0.21325881280637E-009     -0.15833333333333E+001
 0.20666647079777E+000     -0.15697876972038E+001
 0.40979682119489E+000     -0.15293825583493E+001
 0.60591543436461E+000     -0.14628092598979E+001
 0.79166666646146E+000     -0.13712068894438E+001
 0.96387226240445E+000     -0.12561427889423E+001
 0.11195857367028E+001     -0.11195857370546E+001
 0.12561427886394E+001     -0.96387226279923E+000
 0.13712068891950E+001     -0.79166666689240E+000
 0.14628092597075E+001     -0.60591543482434E+000
 0.15293825582205E+001     -0.40979682167554E+000
 0.15697876971389E+001     -0.20666647129112E+000
 0.16666666666667E+001      0.00000000000000E+000
 0.16524081022905E+001      0.21754365369390E+000
 0.16098763771517E+001      0.43136507515882E+000
 0.15397992208593E+001      0.63780572059120E+000
 0.14433756729865E+001      0.83333333331173E+000
 0.13222555671710E+001      0.10146023816565E+001
 0.11785113020040E+001      0.11785113019511E+001
 0.10146023817158E+001      0.13222555671255E+001
 0.83333333337654E+000      0.14433756729491E+001
 0.63780572066033E+000      0.15397992208307E+001
 0.43136507523110E+000      0.16098763771323E+001
 0.21754365376809E+000      0.16524081022807E+001
 0.74827653616269E-010      0.16666666666667E+001
-0.21754365361972E+000      0.16524081023003E+001
-0.43136507508654E+000      0.16098763771710E+001
-0.63780572052207E+000      0.15397992208879E+001
-0.83333333324693E+000      0.14433756730239E+001
-0.10146023815971E+001      0.13222555672166E+001
-0.11785113018982E+001      0.11785113020569E+001
-0.13222555670799E+001      0.10146023817752E+001
-0.14433756729117E+001      0.83333333344134E+000
-0.15397992208020E+001      0.63780572072946E+000
-0.16098763771129E+001      0.43136507530338E+000
-0.16524081022710E+001      0.21754365384228E+000
-0.16666666666667E+001      0.14965530723254E-009
-0.16524081023100E+001     -0.21754365354553E+000
-0.16098763771904E+001     -0.43136507501427E+000
-0.15397992209166E+001     -0.63780572045294E+000
-0.14433756730614E+001     -0.83333333318213E+000
-0.13222555672621E+001     -0.10146023815377E+001
-0.11785113021099E+001     -0.11785113018453E+001
-0.10146023818346E+001     -0.13222555670344E+001
-0.83333333350614E+000     -0.14433756728743E+001
-0.63780572079859E+000     -0.15397992207734E+001
-0.43136507537565E+000     -0.16098763770936E+001
-0.21754365391647E+000     -0.16524081022612E+001
-0.22448296084881E-009     -0.16666666666667E+001
 0.21754365347134E+000     -0.16524081023198E+001
 0.43136507494199E+000     -0.16098763772098E+001
 0.63780572038380E+000     -0.15397992209452E+001
 0.83333333311732E+000     -0.14433756730988E+001
 0.10146023814784E+001     -0.13222555673077E+001
 0.11785113017924E+001     -0.11785113021628E+001
 0.13222555669888E+001     -0.10146023818939E+001
 0.14433756728369E+001     -0.83333333357094E+000
 0.15397992207448E+001     -0.63780572086773E+000
 0.16098763770742E+001     -0.43136507544793E+000
 0.16524081022514E+001     -0.21754365399065E+000
 0.17500000000000E+001      0.00000000000000E+000
 0.17350285074050E+001      0.22842083637860E+000
 0.16903701960093E+001      0.45293332891676E+000
 0.16167891819023E+001      0.66969600662076E+000
 0.15155444566359E+001      0.87499999997732E+000
 0.13883683455296E+001      0.10653325007393E+001
 0.12374368671042E+001      0.12374368670487E+001
 0.10653325008016E+001      0.13883683454818E+001
 0.87500000004536E+000      0.15155444565966E+001
 0.66969600669335E+000      0.16167891818722E+001
 0.45293332899265E+000      0.16903701959889E+001
 0.22842083645650E+000      0.17350285073948E+001
 0.78569036297083E-010      0.17500000000000E+001
-0.22842083630070E+000      0.17350285074153E+001
-0.45293332884087E+000      0.16903701960296E+001
-0.66969600654817E+000      0.16167891819323E+001
-0.87499999990928E+000      0.15155444566751E+001
-0.10653325006770E+001      0.13883683455774E+001
-0.12374368669931E+001      0.12374368671598E+001
-0.13883683454339E+001      0.10653325008640E+001
-0.15155444565573E+001      0.87500000011340E+000
-0.16167891818421E+001      0.66969600676594E+000
-0.16903701959686E+001      0.45293332906855E+000
-0.17350285073845E+001      0.22842083653439E+000
-0.17500000000000E+001      0.15713807259417E-009
-0.17350285074255E+001     -0.22842083622281E+000
-0.16903701960499E+001     -0.45293332876498E+000
-0.16167891819624E+001     -0.66969600647558E+000
-0.15155444567144E+001     -0.87499999984123E+000
-0.13883683456253E+001     -0.10653325006146E+001
-0.12374368672153E+001     -0.12374368669376E+001
-0.10653325009263E+001     -0.13883683453861E+001
-0.87500000018145E+000     -0.15155444565180E+001
-0.66969600683852E+000     -0.16167891818121E+001
-0.45293332914444E+000     -0.16903701959483E+001
-0.22842083661229E+000     -0.17350285073743E+001
-0.23570710889125E-009     -0.17500000000000E+001
 0.22842083614491E+000     -0.17350285074358E+001
 0.45293332868909E+000     -0.16903701960703E+001
 0.66969600640299E+000     -0.16167891819925E+001
 0.87499999977319E+000     -0.15155444567537E+001
 0.10653325005523E+001     -0.13883683456731E+001
 0.12374368668820E+001     -0.12374368672709E+001
 0.13883683453383E+001     -0.10653325009886E+001
 0.15155444564787E+001     -0.87500000024949E+000
 0.16167891817820E+001     -0.66969600691111E+000
 0.16903701959279E+001     -0.45293332922033E+000
 0.17350285073640E+001     -0.22842083669019E+000
 0.18333333333333E+001      0.00000000000000E+000
 0.18176489125195E+001      0.23929801906329E+000
 0.17708640148668E+001      0.47450158267470E+000
 0.16937791429452E+001      0.70158629265032E+000
 0.15877132402852E+001      0.91666666664291E+000
 0.14544811238881E+001      0.11160626198221E+001
 0.12963624322044E+001      0.12963624321462E+001
 0.11160626198874E+001      0.14544811238380E+001
 0.91666666671419E+000      0.15877132402440E+001
 0.70158629272636E+000      0.16937791429137E+001
 0.47450158275421E+000      0.17708640148455E+001
 0.23929801914490E+000      0.18176489125088E+001
 0.82310418977896E-010      0.18333333333333E+001
-0.23929801898169E+000      0.18176489125303E+001
-0.47450158259520E+000      0.17708640148881E+001
-0.70158629257428E+000      0.16937791429767E+001
-0.91666666657162E+000      0.15877132403263E+001
-0.11160626197568E+001      0.14544811239382E+001
-0.12963624320880E+001      0.12963624322626E+001
-0.14544811237879E+001      0.11160626199527E+001
-0.15877132402029E+001      0.91666666678547E+000
-0.16937791428822E+001      0.70158629280241E+000
-0.17708640148242E+001      0.47450158283372E+000
-0.18176489124981E+001      0.23929801922651E+000
-0.18333333333333E+001      0.16462083795579E-009
-0.18176489125410E+001     -0.23929801890008E+000
-0.17708640149094E+001     -0.47450158251569E+000
-0.16937791430082E+001     -0.70158629249823E+000
-0.15877132403675E+001     -0.91666666650034E+000
-0.14544811239884E+001     -0.11160626196915E+001
-0.12963624323208E+001     -0.12963624320298E+001
-0.11160626200180E+001     -0.14544811237378E+001
-0.91666666685675E+000     -0.15877132401617E+001
-0.70158629287845E+000     -0.16937791428507E+001
-0.47450158291322E+000     -0.17708640148029E+001
-0.23929801930811E+000     -0.18176489124873E+001
-0.24693125693369E-009     -0.18333333333333E+001
 0.23929801881848E+000     -0.18176489125518E+001
 0.47450158243619E+000     -0.17708640149308E+001
 0.70158629242218E+000     -0.16937791430397E+001
 0.91666666642906E+000     -0.15877132404087E+001
 0.11160626196262E+001     -0.14544811240385E+001
 0.12963624319716E+001     -0.12963624323790E+001
 0.14544811236877E+001     -0.11160626200833E+001
 0.15877132401206E+001     -0.91666666692804E+000
 0.16937791428192E+001     -0.70158629295450E+000
 0.17708640147816E+001     -0.47450158299273E+000
 0.18176489124766E+001     -0.23929801938972E+000
 0.19166666666667E+001      0.00000000000000E+000
 0.19002693176341E+001      0.25017520174799E+000
 0.18513578337244E+001      0.49606983643264E+000
 0.17707691039882E+001      0.73347657867988E+000
 0.16598820239345E+001      0.95833333330849E+000
 0.15205939022467E+001      0.11667927389049E+001
 0.13552879973046E+001      0.13552879972438E+001
 0.11667927389732E+001      0.15205939021943E+001
 0.95833333338302E+000      0.16598820238915E+001
 0.73347657875938E+000      0.17707691039553E+001
 0.49606983651576E+000      0.18513578337022E+001
 0.25017520183330E+000      0.19002693176228E+001
 0.86051801658710E-010      0.19166666666667E+001
-0.25017520166267E+000      0.19002693176453E+001
-0.49606983634953E+000      0.18513578337467E+001
-0.73347657860038E+000      0.17707691040211E+001
-0.95833333323397E+000      0.16598820239775E+001
-0.11667927388367E+001      0.15205939022991E+001
-0.13552879971829E+001      0.13552879973655E+001
-0.15205939021419E+001      0.11667927390415E+001
-0.16598820238485E+001      0.95833333345754E+000
-0.17707691039223E+001      0.73347657883888E+000
-0.18513578336799E+001      0.49606983659888E+000
-0.19002693176116E+001      0.25017520191862E+000
-0.19166666666667E+001      0.17210360331742E-009
-0.19002693176565E+001     -0.25017520157736E+000
-0.18513578337690E+001     -0.49606983626641E+000
-0.17707691040541E+001     -0.73347657852088E+000
-0.16598820240206E+001     -0.95833333315945E+000
-0.15205939023515E+001     -0.11667927387684E+001
-0.13552879974263E+001     -0.13552879971221E+001
-0.11667927391097E+001     -0.15205939020895E+001
-0.95833333353206E+000     -0.16598820238054E+001
-0.73347657891838E+000     -0.17707691038894E+001
-0.49606983668200E+000     -0.18513578336576E+001
-0.25017520200394E+000     -0.19002693176004E+001
-0.25815540497613E-009     -0.19166666666667E+001
 0.25017520149204E+000     -0.19002693176678E+001
 0.49606983618329E+000     -0.18513578337912E+001
 0.73347657844138E+000     -0.17707691040870E+001
 0.95833333308492E+000     -0.16598820240636E+001
 0.11667927387001E+001     -0.15205939024038E+001
 0.13552879970612E+001     -0.13552879974872E+001
 0.15205939020372E+001     -0.11667927391780E+001
 0.16598820237624E+001     -0.95833333360658E+000
 0.17707691038565E+001     -0.73347657899789E+000
 0.18513578336353E+001     -0.49606983676512E+000
 0.19002693175891E+001     -0.25017520208925E+000
 0.20000000000000E+001      0.00000000000000E+000
 0.19828897227486E+001      0.26105238443268E+000
 0.19318516525820E+001      0.51763809019059E+000
 0.18477590650312E+001      0.76536686470944E+000
 0.17320508075838E+001      0.99999999997408E+000
 0.15867066806052E+001      0.12175228579878E+001
 0.14142135624048E+001      0.14142135623413E+001
 0.12175228580590E+001      0.15867066805506E+001
 0.10000000000518E+001      0.17320508075389E+001
 0.76536686479240E+000      0.18477590649968E+001
 0.51763809027732E+000      0.19318516525588E+001
 0.26105238452171E+000      0.19828897227369E+001
 0.89793184339523E-010      0.20000000000000E+001
-0.26105238434366E+000      0.19828897227603E+001
-0.51763809010385E+000      0.19318516526053E+001
-0.76536686462648E+000      0.18477590650655E+001
-0.99999999989632E+000      0.17320508076287E+001
-0.12175228579165E+001      0.15867066806599E+001
-0.14142135622779E+001      0.14142135624683E+001
-0.15867066804959E+001      0.12175228581302E+001
-0.17320508074940E+001      0.10000000001296E+001
-0.18477590649624E+001      0.76536686487536E+000
-0.19318516525355E+001      0.51763809036405E+000
-0.19828897227252E+001      0.26105238461073E+000
-0.20000000000000E+001      0.17958636867905E-009
-0.19828897227720E+001     -0.26105238425463E+000
-0.19318516526285E+001     -0.51763809001712E+000
-0.18477590650999E+001     -0.76536686454352E+000
-0.17320508076736E+001     -0.99999999981855E+000
-0.15867066807146E+001     -0.12175228578453E+001
-0.14142135625318E+001     -0.14142135622144E+001
-0.12175228582015E+001     -0.15867066804413E+001
-0.10000000002074E+001     -0.17320508074492E+001
-0.76536686495831E+000     -0.18477590649281E+001
-0.51763809045079E+000     -0.19318516525123E+001
-0.26105238469976E+000     -0.19828897227134E+001
-0.26937955301857E-009     -0.20000000000000E+001
 0.26105238416561E+000     -0.19828897227838E+001
 0.51763808993038E+000     -0.19318516526517E+001
 0.76536686446057E+000     -0.18477590651343E+001
 0.99999999974079E+000     -0.17320508077185E+001
 0.12175228577740E+001     -0.15867066807692E+001
 0.14142135621509E+001     -0.14142135625953E+001
 0.15867066803866E+001     -0.12175228582727E+001
 0.17320508074043E+001     -0.10000000002851E+001
 0.18477590648937E+001     -0.76536686504127E+000
 0.19318516524890E+001     -0.51763809053752E+000
 0.19828897227017E+001     -0.26105238478878E+000
