-0.64818121608767E+000     -0.64818121608767E+000
-0.54015101340639E+000     -0.69292879118417E+000
-0.43212081072511E+000     -0.73767636628067E+000
-0.32409060804383E+000     -0.78242394137717E+000
-0.21606040536256E+000     -0.82717151647367E+000
-0.10803020268128E+000     -0.87191909157017E+000
 0.00000000000000E+000     -0.91666666666667E+000
 0.10803020268128E+000     -0.87191909157017E+000
 0.21606040536256E+000     -0.82717151647367E+000
 0.32409060804383E+000     -0.78242394137717E+000
 0.43212081072511E+000     -0.73767636628067E+000
 0.54015101340639E+000     -0.69292879118417E+000
 0.64818121608767E+000     -0.64818121608767E+000
-0.69292879118417E+000     -0.54015101340639E+000
-0.57744065932014E+000     -0.57744065932014E+000
-0.46195252745611E+000     -0.61473030523389E+000
-0.34646439559208E+000     -0.65201995114764E+000
-0.23097626372806E+000     -0.68930959706139E+000
-0.11548813186403E+000     -0.72659924297514E+000
 0.00000000000000E+000     -0.76388888888889E+000
 0.11548813186403E+000     -0.72659924297514E+000
 0.23097626372806E+000     -0.68930959706139E+000
 0.34646439559208E+000     -0.65201995114764E+000
 0.46195252745611E+000     -0.61473030523389E+000
 0.57744065932014E+000     -0.57744065932014E+000
 0.69292879118417E+000     -0.54015101340639E+000
-0.73767636628067E+000     -0.43212081072511E+000
-0.61473030523389E+000     -0.46195252745611E+000
-0.49178424418711E+000     -0.49178424418711E+000
-0.36883818314033E+000     -0.52161596091811E+000
-0.24589212209356E+000     -0.55144767764911E+000
-0.12294606104678E+000     -0.58127939438011E+000
 0.00000000000000E+000     -0.61111111111111E+000
 0.12294606104678E+000     -0.58127939438011E+000
 0.24589212209356E+000     -0.55144767764911E+000
 0.36883818314033E+000     -0.52161596091811E+000
 0.49178424418711E+000     -0.49178424418711E+000
 0.61473030523389E+000     -0.46195252745611E+000
 0.73767636628067E+000     -0.43212081072511E+000
-0.78242394137717E+000     -0.32409060804383E+000
-0.65201995114764E+000     -0.34646439559208E+000
-0.52161596091811E+000     -0.36883818314033E+000
-0.39121197068858E+000     -0.39121197068858E+000
-0.26080798045906E+000     -0.41358575823683E+000
-0.13040399022953E+000     -0.43595954578508E+000
 0.00000000000000E+000     -0.45833333333333E+000
 0.13040399022953E+000     -0.43595954578508E+000
 0.26080798045906E+000     -0.41358575823683E+000
 0.39121197068858E+000     -0.39121197068858E+000
 0.52161596091811E+000     -0.36883818314033E+000
 0.65201995114764E+000     -0.34646439559208E+000
 0.78242394137717E+000     -0.32409060804383E+000
-0.82717151647367E+000     -0.21606040536256E+000
-0.68930959706139E+000     -0.23097626372806E+000
-0.55144767764911E+000     -0.24589212209356E+000
-0.41358575823683E+000     -0.26080798045906E+000
-0.27572383882456E+000     -0.27572383882456E+000
-0.13786191941228E+000     -0.29063969719006E+000
 0.00000000000000E+000     -0.30555555555556E+000
 0.13786191941228E+000     -0.29063969719006E+000
 0.27572383882456E+000     -0.27572383882456E+000
 0.41358575823683E+000     -0.26080798045906E+000
 0.55144767764911E+000     -0.24589212209356E+000
 0.68930959706139E+000     -0.23097626372806E+000
 0.82717151647367E+000     -0.21606040536256E+000
-0.87191909157017E+000     -0.10803020268128E+000
-0.72659924297514E+000     -0.11548813186403E+000
-0.58127939438011E+000     -0.12294606104678E+000
-0.43595954578508E+000     -0.13040399022953E+000
-0.29063969719006E+000     -0.13786191941228E+000
-0.14531984859503E+000     -0.14531984859503E+000
 0.00000000000000E+000     -0.15277777777778E+000
 0.14531984859503E+000     -0.14531984859503E+000
 0.29063969719006E+000     -0.13786191941228E+000
 0.43595954578508E+000     -0.13040399022953E+000
 0.58127939438011E+000     -0.12294606104678E+000
 0.72659924297514E+000     -0.11548813186403E+000
 0.87191909157017E+000     -0.10803020268128E+000
-0.91666666666667E+000      0.00000000000000E+000
-0.76388888888889E+000      0.00000000000000E+000
-0.61111111111111E+000      0.00000000000000E+000
-0.45833333333333E+000      0.00000000000000E+000
-0.30555555555556E+000      0.00000000000000E+000
-0.15277777777778E+000      0.00000000000000E+000
 0.00000000000000E+000      0.00000000000000E+000
 0.15277777777778E+000      0.00000000000000E+000
 0.30555555555556E+000      0.00000000000000E+000
 0.45833333333333E+000      0.00000000000000E+000
 0.61111111111111E+000      0.00000000000000E+000
 0.76388888888889E+000      0.00000000000000E+000
 0.91666666666667E+000      0.00000000000000E+000
-0.87191909157017E+000      0.10803020268128E+000
-0.72659924297514E+000      0.11548813186403E+000
-0.58127939438011E+000      0.12294606104678E+000
-0.43595954578508E+000      0.13040399022953E+000
-0.29063969719006E+000      0.13786191941228E+000
-0.14531984859503E+000      0.14531984859503E+000
 0.00000000000000E+000      0.15277777777778E+000
 0.14531984859503E+000      0.14531984859503E+000
 0.29063969719006E+000      0.13786191941228E+000
 0.43595954578508E+000      0.13040399022953E+000
 0.58127939438011E+000      0.12294606104678E+000
 0.72659924297514E+000      0.11548813186403E+000
 0.87191909157017E+000      0.10803020268128E+000
-0.82717151647367E+000      0.21606040536256E+000
-0.68930959706139E+000      0.23097626372806E+000
-0.55144767764911E+000      0.24589212209356E+000
-0.41358575823683E+000      0.26080798045906E+000
-0.27572383882456E+000      0.27572383882456E+000
-0.13786191941228E+000      0.29063969719006E+000
 0.00000000000000E+000      0.30555555555556E+000
 0.13786191941228E+000      0.29063969719006E+000
 0.27572383882456E+000      0.27572383882456E+000
 0.41358575823683E+000      0.26080798045906E+000
 0.55144767764911E+000      0.24589212209356E+000
 0.68930959706139E+000      0.23097626372806E+000
 0.82717151647367E+000      0.21606040536256E+000
-0.78242394137717E+000      0.32409060804383E+000
-0.65201995114764E+000      0.34646439559208E+000
-0.52161596091811E+000      0.36883818314033E+000
-0.39121197068858E+000      0.39121197068858E+000
-0.26080798045906E+000      0.41358575823683E+000
-0.13040399022953E+000      0.43595954578508E+000
 0.00000000000000E+000      0.45833333333333E+000
 0.13040399022953E+000      0.43595954578508E+000
 0.26080798045906E+000      0.41358575823683E+000
 0.39121197068858E+000      0.39121197068858E+000
 0.52161596091811E+000      0.36883818314033E+000
 0.65201995114764E+000      0.34646439559208E+000
 0.78242394137717E+000      0.32409060804383E+000
-0.73767636628067E+000      0.43212081072511E+000
-0.61473030523389E+000      0.46195252745611E+000
-0.49178424418711E+000      0.49178424418711E+000
-0.36883818314033E+000      0.52161596091811E+000
-0.24589212209356E+000      0.55144767764911E+000
-0.12294606104678E+000      0.58127939438011E+000
 0.00000000000000E+000      0.61111111111111E+000
 0.12294606104678E+000      0.58127939438011E+000
 0.24589212209356E+000      0.55144767764911E+000
 0.36883818314033E+000      0.52161596091811E+000
 0.49178424418711E+000      0.49178424418711E+000
 0.61473030523389E+000      0.46195252745611E+000
 0.73767636628067E+000      0.43212081072511E+000
-0.69292879118417E+000      0.54015101340639E+000
-0.57744065932014E+000      0.57744065932014E+000
-0.46195252745611E+000      0.61473030523389E+000
-0.34646439559208E+000      0.65201995114764E+000
-0.23097626372806E+000      0.68930959706139E+000
-0.11548813186403E+000      0.72659924297514E+000
 0.00000000000000E+000      0.76388888888889E+000
 0.11548813186403E+000      0.72659924297514E+000
 0.23097626372806E+000      0.68930959706139E+000
 0.34646439559208E+000      0.65201995114764E+000
 0.46195252745611E+000      0.61473030523389E+000
 0.57744065932014E+000      0.57744065932014E+000
 0.69292879118417E+000      0.54015101340639E+000
-0.64818121608767E+000      0.64818121608767E+000
-0.54015101340639E+000      0.69292879118417E+000
-0.43212081072511E+000      0.73767636628067E+000
-0.32409060804383E+000      0.78242394137717E+000
-0.21606040536256E+000      0.82717151647367E+000
-0.10803020268128E+000      0.87191909157017E+000
 0.00000000000000E+000      0.91666666666667E+000
 0.10803020268128E+000      0.87191909157017E+000
 0.21606040536256E+000      0.82717151647367E+000
 0.32409060804383E+000      0.78242394137717E+000
 0.43212081072511E+000      0.73767636628067E+000
 0.54015101340639E+000      0.69292879118417E+000
 0.64818121608767E+000      0.64818121608767E+000
