1     2     15     14
2     3     16     15
3     4     17     16
4     5     18     17
5     6     19     18
6     7     20     19
7     8     21     20
8     9     22     21
9     10     23     22
10     11     24     23
11     12     25     24
12     13     26     25
14     15     28     27
15     16     29     28
16     17     30     29
17     18     31     30
18     19     32     31
19     20     33     32
20     21     34     33
21     22     35     34
22     23     36     35
23     24     37     36
24     25     38     37
25     26     39     38
27     28     41     40
28     29     42     41
29     30     43     42
30     31     44     43
31     32     45     44
32     33     46     45
33     34     47     46
34     35     48     47
35     36     49     48
36     37     50     49
37     38     51     50
38     39     52     51
40     41     54     53
41     42     55     54
42     43     56     55
43     44     57     56
44     45     58     57
45     46     59     58
46     47     60     59
47     48     61     60
48     49     62     61
49     50     63     62
50     51     64     63
51     52     65     64
53     54     67     66
54     55     68     67
55     56     69     68
56     57     70     69
57     58     71     70
58     59     72     71
59     60     73     72
60     61     74     73
61     62     75     74
62     63     76     75
63     64     77     76
64     65     78     77
66     67     80     79
67     68     81     80
68     69     82     81
69     70     83     82
70     71     84     83
71     72     85     84
72     73     86     85
73     74     87     86
74     75     88     87
75     76     89     88
76     77     90     89
77     78     91     90
79     80     93     92
80     81     94     93
81     82     95     94
82     83     96     95
83     84     97     96
84     85     98     97
85     86     99     98
86     87     100     99
87     88     101     100
88     89     102     101
89     90     103     102
90     91     104     103
92     93     106     105
93     94     107     106
94     95     108     107
95     96     109     108
96     97     110     109
97     98     111     110
98     99     112     111
99     100     113     112
100     101     114     113
101     102     115     114
102     103     116     115
103     104     117     116
105     106     119     118
106     107     120     119
107     108     121     120
108     109     122     121
109     110     123     122
110     111     124     123
111     112     125     124
112     113     126     125
113     114     127     126
114     115     128     127
115     116     129     128
116     117     130     129
118     119     132     131
119     120     133     132
120     121     134     133
121     122     135     134
122     123     136     135
123     124     137     136
124     125     138     137
125     126     139     138
126     127     140     139
127     128     141     140
128     129     142     141
129     130     143     142
131     132     145     144
132     133     146     145
133     134     147     146
134     135     148     147
135     136     149     148
136     137     150     149
137     138     151     150
138     139     152     151
139     140     153     152
140     141     154     153
141     142     155     154
142     143     156     155
144     145     158     157
145     146     159     158
146     147     160     159
147     148     161     160
148     149     162     161
149     150     163     162
150     151     164     163
151     152     165     164
152     153     166     165
153     154     167     166
154     155     168     167
155     156     169     168
91     170     171     104
104     171     172     117
117     172     173     130
130     173     174     143
143     174     175     156
156     175     176     169
169     176     177     168
168     177     178     167
167     178     179     166
166     179     180     165
165     180     181     164
164     181     182     163
163     182     183     162
162     183     184     161
161     184     185     160
160     185     186     159
159     186     187     158
158     187     188     157
157     188     189     144
144     189     190     131
131     190     191     118
118     191     192     105
105     192     193     92
92     193     194     79
79     194     195     66
66     195     196     53
53     196     197     40
40     197     198     27
27     198     199     14
14     199     200     1
1     200     201     2
2     201     202     3
3     202     203     4
4     203     204     5
5     204     205     6
6     205     206     7
7     206     207     8
8     207     208     9
9     208     209     10
10     209     210     11
11     210     211     12
12     211     212     13
13     212     213     26
26     213     214     39
39     214     215     52
52     215     216     65
65     216     217     78
78     217     170     91
170     218     219     171
171     219     220     172
172     220     221     173
173     221     222     174
174     222     223     175
175     223     224     176
176     224     225     177
177     225     226     178
178     226     227     179
179     227     228     180
180     228     229     181
181     229     230     182
182     230     231     183
183     231     232     184
184     232     233     185
185     233     234     186
186     234     235     187
187     235     236     188
188     236     237     189
189     237     238     190
190     238     239     191
191     239     240     192
192     240     241     193
193     241     242     194
194     242     243     195
195     243     244     196
196     244     245     197
197     245     246     198
198     246     247     199
199     247     248     200
200     248     249     201
201     249     250     202
202     250     251     203
203     251     252     204
204     252     253     205
205     253     254     206
206     254     255     207
207     255     256     208
208     256     257     209
209     257     258     210
210     258     259     211
211     259     260     212
212     260     261     213
213     261     262     214
214     262     263     215
215     263     264     216
216     264     265     217
217     265     218     170
218     266     267     219
219     267     268     220
220     268     269     221
221     269     270     222
222     270     271     223
223     271     272     224
224     272     273     225
225     273     274     226
226     274     275     227
227     275     276     228
228     276     277     229
229     277     278     230
230     278     279     231
231     279     280     232
232     280     281     233
233     281     282     234
234     282     283     235
235     283     284     236
236     284     285     237
237     285     286     238
238     286     287     239
239     287     288     240
240     288     289     241
241     289     290     242
242     290     291     243
243     291     292     244
244     292     293     245
245     293     294     246
246     294     295     247
247     295     296     248
248     296     297     249
249     297     298     250
250     298     299     251
251     299     300     252
252     300     301     253
253     301     302     254
254     302     303     255
255     303     304     256
256     304     305     257
257     305     306     258
258     306     307     259
259     307     308     260
260     308     309     261
261     309     310     262
262     310     311     263
263     311     312     264
264     312     313     265
265     313     266     218
266     314     315     267
267     315     316     268
268     316     317     269
269     317     318     270
270     318     319     271
271     319     320     272
272     320     321     273
273     321     322     274
274     322     323     275
275     323     324     276
276     324     325     277
277     325     326     278
278     326     327     279
279     327     328     280
280     328     329     281
281     329     330     282
282     330     331     283
283     331     332     284
284     332     333     285
285     333     334     286
286     334     335     287
287     335     336     288
288     336     337     289
289     337     338     290
290     338     339     291
291     339     340     292
292     340     341     293
293     341     342     294
294     342     343     295
295     343     344     296
296     344     345     297
297     345     346     298
298     346     347     299
299     347     348     300
300     348     349     301
301     349     350     302
302     350     351     303
303     351     352     304
304     352     353     305
305     353     354     306
306     354     355     307
307     355     356     308
308     356     357     309
309     357     358     310
310     358     359     311
311     359     360     312
312     360     361     313
313     361     314     266
314     362     363     315
315     363     364     316
316     364     365     317
317     365     366     318
318     366     367     319
319     367     368     320
320     368     369     321
321     369     370     322
322     370     371     323
323     371     372     324
324     372     373     325
325     373     374     326
326     374     375     327
327     375     376     328
328     376     377     329
329     377     378     330
330     378     379     331
331     379     380     332
332     380     381     333
333     381     382     334
334     382     383     335
335     383     384     336
336     384     385     337
337     385     386     338
338     386     387     339
339     387     388     340
340     388     389     341
341     389     390     342
342     390     391     343
343     391     392     344
344     392     393     345
345     393     394     346
346     394     395     347
347     395     396     348
348     396     397     349
349     397     398     350
350     398     399     351
351     399     400     352
352     400     401     353
353     401     402     354
354     402     403     355
355     403     404     356
356     404     405     357
357     405     406     358
358     406     407     359
359     407     408     360
360     408     409     361
361     409     362     314
362     410     411     363
363     411     412     364
364     412     413     365
365     413     414     366
366     414     415     367
367     415     416     368
368     416     417     369
369     417     418     370
370     418     419     371
371     419     420     372
372     420     421     373
373     421     422     374
374     422     423     375
375     423     424     376
376     424     425     377
377     425     426     378
378     426     427     379
379     427     428     380
380     428     429     381
381     429     430     382
382     430     431     383
383     431     432     384
384     432     433     385
385     433     434     386
386     434     435     387
387     435     436     388
388     436     437     389
389     437     438     390
390     438     439     391
391     439     440     392
392     440     441     393
393     441     442     394
394     442     443     395
395     443     444     396
396     444     445     397
397     445     446     398
398     446     447     399
399     447     448     400
400     448     449     401
401     449     450     402
402     450     451     403
403     451     452     404
404     452     453     405
405     453     454     406
406     454     455     407
407     455     456     408
408     456     457     409
409     457     410     362
410     458     459     411
411     459     460     412
412     460     461     413
413     461     462     414
414     462     463     415
415     463     464     416
416     464     465     417
417     465     466     418
418     466     467     419
419     467     468     420
420     468     469     421
421     469     470     422
422     470     471     423
423     471     472     424
424     472     473     425
425     473     474     426
426     474     475     427
427     475     476     428
428     476     477     429
429     477     478     430
430     478     479     431
431     479     480     432
432     480     481     433
433     481     482     434
434     482     483     435
435     483     484     436
436     484     485     437
437     485     486     438
438     486     487     439
439     487     488     440
440     488     489     441
441     489     490     442
442     490     491     443
443     491     492     444
444     492     493     445
445     493     494     446
446     494     495     447
447     495     496     448
448     496     497     449
449     497     498     450
450     498     499     451
451     499     500     452
452     500     501     453
453     501     502     454
454     502     503     455
455     503     504     456
456     504     505     457
457     505     458     410
