36.1584 139.607 53
36.1586 139.607 52
36.1593 139.607 51
36.1575 139.607 50
36.1583 139.603 49
36.1586 139.603 58
36.1586 139.603 58
36.1599 139.601 55
36.1602 139.601 38
36.1603 139.597 32
36.1605 139.595 31
36.1612 139.594 30
36.1622 139.595 29
36.1624 139.594 56
36.1631 139.594 26
36.1638 139.594 27
36.1648 139.594 28
36.1647 139.595 57
36.1636 139.593 20
36.1626 139.593 22
36.1619 139.592 23
36.1613 139.592 24
36.1616 139.593 25
36.1626 139.592 21
36.1636 139.592 19
36.1645 139.591 18
36.1648 139.591 17
36.1639 139.59 16
36.1635 139.59 12
36.1616 139.589 43
36.1598 139.59 10
36.158 139.59 48
36.1575 139.59 47
36.1573 139.59 45
36.1576 139.591 46
36.1566 139.592 1
36.1561 139.592 2
36.1564 139.592 3
36.1571 139.593 42
36.1563 139.594 14
36.1558 139.594 15
36.1552 139.594 41
36.1549 139.593 13
36.1551 139.593 54
36.1553 139.591 4
36.156 139.589 44
36.1562 139.589 11
36.1584 139.589 9
36.1587 139.592 8
36.1581 139.592 5
36.1578 139.592 6
36.1583 139.593 7
36.1585 139.594 39
36.1588 139.594 40
36.1584 139.595 33
36.1584 139.596 34
36.1576 139.595 35
36.1569 139.595 36
36.1571 139.598 37
36.1584 139.607 53
