           0   0.0000000000000000        0.0000000000000000        9.6277381589060683E-005
           0   0.0000000000000000        0.0000000000000000        2.7408580407910259E-004
           0   0.0000000000000000        0.0000000000000000        4.3308415339687780E-004
           0   0.0000000000000000        0.0000000000000000        5.8204328072867845E-004
           0   0.0000000000000000        0.0000000000000000        7.2389686743764843E-004
           0   0.0000000000000000        0.0000000000000000        8.6071649684848833E-004
           0   0.0000000000000000        0.0000000000000000        9.9321481505409135E-004
           0   0.0000000000000000        0.0000000000000000        1.1225660562572202E-003
           0   0.0000000000000000        0.0000000000000000        1.2494989853224095E-003
           0   0.0000000000000000        0.0000000000000000        1.3728961161082781E-003
           0   0.0000000000000000        0.0000000000000000        1.4926163648638407E-003
           0   0.0000000000000000        0.0000000000000000        1.6098410392344387E-003
           0   0.0000000000000000        0.0000000000000000        1.7234754115098702E-003
           0   0.0000000000000000        0.0000000000000000        1.8331318362721952E-003
           0   0.0000000000000000        0.0000000000000000        1.9409821958134375E-003
           0   0.0000000000000000        0.0000000000000000        2.0466039271958246E-003
           0   0.0000000000000000        0.0000000000000000        2.1488380859272273E-003
           0   0.0000000000000000        0.0000000000000000        2.2506362907975070E-003
           0   0.0000000000000000        0.0000000000000000        2.3520679887805811E-003
           0   0.0000000000000000        0.0000000000000000        2.4504955675964490E-003
           0   0.0000000000000000        0.0000000000000000        2.5488982002074274E-003
           0   0.0000000000000000        0.0000000000000000        2.6483377595016401E-003
           0   0.0000000000000000        0.0000000000000000        2.7441955892865523E-003
           0   0.0000000000000000        0.0000000000000000        2.8391385820269936E-003
           0   0.0000000000000000        0.0000000000000000        2.9362260807955370E-003
           0   0.0000000000000000        0.0000000000000000        3.0295346436341785E-003
           0   0.0000000000000000        0.0000000000000000        3.1199955195871983E-003
           0   0.0000000000000000        0.0000000000000000        3.2143140572735529E-003
           0   0.0000000000000000        0.0000000000000000        1.9409821958134375E-003
           0   0.0000000000000000        0.0000000000000000        0.0000000000000000     
           0   0.0000000000000000        0.0000000000000000        0.0000000000000000     
           0   0.0000000000000000        0.0000000000000000        2.0466039271958246E-003
           0   0.0000000000000000        0.0000000000000000        0.0000000000000000     
           0   0.0000000000000000        0.0000000000000000        0.0000000000000000     
           0   0.0000000000000000        0.0000000000000000        2.1488380859272273E-003
           0   0.0000000000000000        0.0000000000000000        0.0000000000000000     
           0   0.0000000000000000        0.0000000000000000        0.0000000000000000     
           0   0.0000000000000000        0.0000000000000000        9.6277381589060683E-005
           0   0.0000000000000000        0.0000000000000000        0.0000000000000000     
           0   0.0000000000000000        0.0000000000000000        0.0000000000000000     
           0   0.0000000000000000        0.0000000000000000        2.2506362907975070E-003
           0   0.0000000000000000        0.0000000000000000        0.0000000000000000     
           0   0.0000000000000000        0.0000000000000000        0.0000000000000000     
           0   0.0000000000000000        0.0000000000000000        2.7408580407910259E-004
           0   0.0000000000000000        0.0000000000000000        0.0000000000000000     
           0   0.0000000000000000        0.0000000000000000        0.0000000000000000     
           0   0.0000000000000000        0.0000000000000000        2.3520679887805811E-003
           0   0.0000000000000000        0.0000000000000000        4.3308415339687780E-004
           0   0.0000000000000000        0.0000000000000000        0.0000000000000000     
           0   0.0000000000000000        0.0000000000000000        0.0000000000000000     
           0   0.0000000000000000        0.0000000000000000        0.0000000000000000     
           0   0.0000000000000000        0.0000000000000000        0.0000000000000000     
           0   0.0000000000000000        0.0000000000000000        5.8204328072867845E-004
           0   0.0000000000000000        0.0000000000000000        0.0000000000000000     
           0   0.0000000000000000        0.0000000000000000        2.4504955675964490E-003
           0   0.0000000000000000        0.0000000000000000        0.0000000000000000     
           0   0.0000000000000000        0.0000000000000000        0.0000000000000000     
           0   0.0000000000000000        0.0000000000000000        0.0000000000000000     
           0   0.0000000000000000        0.0000000000000000        7.2389686743764843E-004
           0   0.0000000000000000        0.0000000000000000        0.0000000000000000     
           0   0.0000000000000000        0.0000000000000000        0.0000000000000000     
           0   0.0000000000000000        0.0000000000000000        2.5488982002074274E-003
           0   0.0000000000000000        0.0000000000000000        0.0000000000000000     
           0   0.0000000000000000        0.0000000000000000        0.0000000000000000     
           0   0.0000000000000000        0.0000000000000000        8.6071649684848833E-004
           0   0.0000000000000000        0.0000000000000000        0.0000000000000000     
           0   0.0000000000000000        0.0000000000000000        0.0000000000000000     
           0   0.0000000000000000        0.0000000000000000        2.6483377595016401E-003
           0   0.0000000000000000        0.0000000000000000        0.0000000000000000     
           0   0.0000000000000000        0.0000000000000000        0.0000000000000000     
           0   0.0000000000000000        0.0000000000000000        9.9321481505409135E-004
           0   0.0000000000000000        0.0000000000000000        0.0000000000000000     
           0   0.0000000000000000        0.0000000000000000        0.0000000000000000     
           0   0.0000000000000000        0.0000000000000000        2.7441955892865523E-003
           0   0.0000000000000000        0.0000000000000000        0.0000000000000000     
           0   0.0000000000000000        0.0000000000000000        0.0000000000000000     
           0   0.0000000000000000        0.0000000000000000        1.1225660562572202E-003
           0   0.0000000000000000        0.0000000000000000        0.0000000000000000     
           0   0.0000000000000000        0.0000000000000000        0.0000000000000000     
           0   0.0000000000000000        0.0000000000000000        2.8391385820269936E-003
           0   0.0000000000000000        0.0000000000000000        0.0000000000000000     
           0   0.0000000000000000        0.0000000000000000        0.0000000000000000     
           0   0.0000000000000000        0.0000000000000000        1.2494989853224095E-003
           0   0.0000000000000000        0.0000000000000000        0.0000000000000000     
           0   0.0000000000000000        0.0000000000000000        0.0000000000000000     
           0   0.0000000000000000        0.0000000000000000        2.9362260807955370E-003
           0   0.0000000000000000        0.0000000000000000        0.0000000000000000     
           0   0.0000000000000000        0.0000000000000000        0.0000000000000000     
           0   0.0000000000000000        0.0000000000000000        1.3728961161082781E-003
           0   0.0000000000000000        0.0000000000000000        0.0000000000000000     
           0   0.0000000000000000        0.0000000000000000        0.0000000000000000     
           0   0.0000000000000000        0.0000000000000000        3.0295346436341785E-003
           0   0.0000000000000000        0.0000000000000000        0.0000000000000000     
           0   0.0000000000000000        0.0000000000000000        0.0000000000000000     
           0   0.0000000000000000        0.0000000000000000        1.4926163648638407E-003
           0   0.0000000000000000        0.0000000000000000        0.0000000000000000     
           0   0.0000000000000000        0.0000000000000000        0.0000000000000000     
           0   0.0000000000000000        0.0000000000000000        3.1199955195871983E-003
           0   0.0000000000000000        0.0000000000000000        0.0000000000000000     
           0   0.0000000000000000        0.0000000000000000        0.0000000000000000     
           0   0.0000000000000000        0.0000000000000000        1.6098410392344387E-003
           0   0.0000000000000000        0.0000000000000000        0.0000000000000000     
           0   0.0000000000000000        0.0000000000000000        0.0000000000000000     
           0   0.0000000000000000        0.0000000000000000        3.2143140572735529E-003
           0   0.0000000000000000        0.0000000000000000        0.0000000000000000     
           0   0.0000000000000000        0.0000000000000000        0.0000000000000000     
           0   0.0000000000000000        0.0000000000000000        1.7234754115098702E-003
           0   0.0000000000000000        0.0000000000000000        0.0000000000000000     
           0   0.0000000000000000        0.0000000000000000        0.0000000000000000     
           0   0.0000000000000000        0.0000000000000000        3.3042711500833296E-003
           0   0.0000000000000000        0.0000000000000000        0.0000000000000000     
           0   0.0000000000000000        0.0000000000000000        1.8331318362721952E-003
           0   0.0000000000000000        0.0000000000000000        0.0000000000000000     
           0   0.0000000000000000        0.0000000000000000        0.0000000000000000     
           0   0.0000000000000000        0.0000000000000000        0.0000000000000000     
           0   0.0000000000000000        0.0000000000000000        1.9409821958134375E-003
           0   0.0000000000000000        0.0000000000000000        3.3898474019271392E-003
           0   0.0000000000000000        0.0000000000000000        0.0000000000000000     
           0   0.0000000000000000        0.0000000000000000        0.0000000000000000     
           0   0.0000000000000000        0.0000000000000000        0.0000000000000000     
           0   0.0000000000000000        0.0000000000000000        0.0000000000000000     
           0   0.0000000000000000        0.0000000000000000        2.0466039271958246E-003
           0   0.0000000000000000        0.0000000000000000        0.0000000000000000     
           0   0.0000000000000000        0.0000000000000000        3.4815593907046721E-003
           0   0.0000000000000000        0.0000000000000000        0.0000000000000000     
           0   0.0000000000000000        0.0000000000000000        0.0000000000000000     
           0   0.0000000000000000        0.0000000000000000        0.0000000000000000     
           0   0.0000000000000000        0.0000000000000000        2.1488380859272273E-003
           0   0.0000000000000000        0.0000000000000000        0.0000000000000000     
           0   0.0000000000000000        0.0000000000000000        0.0000000000000000     
           0   0.0000000000000000        0.0000000000000000        3.5704072828323307E-003
           0   0.0000000000000000        0.0000000000000000        0.0000000000000000     
           0   0.0000000000000000        0.0000000000000000        0.0000000000000000     
           0   0.0000000000000000        0.0000000000000000        2.2506362907975070E-003
           0   0.0000000000000000        0.0000000000000000        0.0000000000000000     
           0   0.0000000000000000        0.0000000000000000        0.0000000000000000     
           0   0.0000000000000000        0.0000000000000000        3.6512396430623110E-003
           0   0.0000000000000000        0.0000000000000000        0.0000000000000000     
           0   0.0000000000000000        0.0000000000000000        0.0000000000000000     
           0   0.0000000000000000        0.0000000000000000        2.3520679887805811E-003
           0   0.0000000000000000        0.0000000000000000        0.0000000000000000     
           0   0.0000000000000000        0.0000000000000000        0.0000000000000000     
           0   0.0000000000000000        0.0000000000000000        3.7405301778897855E-003
           0   0.0000000000000000        0.0000000000000000        0.0000000000000000     
           0   0.0000000000000000        0.0000000000000000        0.0000000000000000     
           0   0.0000000000000000        0.0000000000000000        2.4504955675964490E-003
           0   0.0000000000000000        0.0000000000000000        0.0000000000000000     
           0   0.0000000000000000        0.0000000000000000        0.0000000000000000     
           0   0.0000000000000000        0.0000000000000000        3.8300415166282646E-003
           0   0.0000000000000000        0.0000000000000000        0.0000000000000000     
           0   0.0000000000000000        0.0000000000000000        0.0000000000000000     
           0   0.0000000000000000        0.0000000000000000        2.5488982002074274E-003
           0   0.0000000000000000        0.0000000000000000        0.0000000000000000     
           0   0.0000000000000000        0.0000000000000000        0.0000000000000000     
           0   0.0000000000000000        0.0000000000000000        3.9062391901859960E-003
           0   0.0000000000000000        0.0000000000000000        2.6483377595016401E-003
           0   0.0000000000000000        0.0000000000000000        0.0000000000000000     
           0   0.0000000000000000        0.0000000000000000        0.0000000000000000     
           0   0.0000000000000000        0.0000000000000000        0.0000000000000000     
           0   0.0000000000000000        0.0000000000000000        0.0000000000000000     
           0   0.0000000000000000        0.0000000000000000        2.7441955892865523E-003
           0   0.0000000000000000        0.0000000000000000        0.0000000000000000     
           0   0.0000000000000000        0.0000000000000000        3.9915841212587542E-003
           0   0.0000000000000000        0.0000000000000000        0.0000000000000000     
           0   0.0000000000000000        0.0000000000000000        0.0000000000000000     
           0   0.0000000000000000        0.0000000000000000        0.0000000000000000     
