           8
   3.5220810900864506E-002
   9.4373878376559257E-003
   3.5220810900864506E-002
  0.13144585576580212     
  0.13144585576580212     
   3.5220810900864506E-002
  0.13144585576580212     
  0.49056261216234409     
           3
           8
  -2.2329099369260218E-002   2.2329099369260218E-002   8.3333333333333315E-002  -8.3333333333333315E-002  -8.3333333333333315E-002   8.3333333333333315E-002  0.31100423396407312      -0.31100423396407312     
  -8.3333333333333315E-002  -2.2329099369260218E-002   2.2329099369260218E-002   8.3333333333333315E-002 -0.31100423396407312       -8.3333333333333315E-002   8.3333333333333315E-002  0.31100423396407312     
  -8.3333333333333315E-002  -2.2329099369260218E-002  -8.3333333333333315E-002 -0.31100423396407312        8.3333333333333315E-002   2.2329099369260218E-002   8.3333333333333315E-002  0.31100423396407312     
           0
           0
           3
 -0.57735026918962584     
  0.57735026918962584     
  0.57735026918962584     
           3
           8
 -0.57735026918962584       0.57735026918962584       0.57735026918962584      -0.57735026918962584      -0.57735026918962584       0.57735026918962584       0.57735026918962584      -0.57735026918962584     
 -0.57735026918962584      -0.57735026918962584       0.57735026918962584       0.57735026918962584      -0.57735026918962584      -0.57735026918962584       0.57735026918962584       0.57735026918962584     
 -0.57735026918962584      -0.57735026918962584      -0.57735026918962584      -0.57735026918962584       0.57735026918962584       0.57735026918962584       0.57735026918962584       0.57735026918962584     
           8
   1.0000000000000000     
   1.0000000000000000     
   1.0000000000000000     
   1.0000000000000000     
   1.0000000000000000     
   1.0000000000000000     
   1.0000000000000000     
   1.0000000000000000     
           3
           3
   1.6500476941840603      -0.57277936040021160      -0.47630951275431954     
 -0.51760530622091139        1.8871343098216116      -0.31057412505463589     
 -0.59419630625748265      -0.52734797703628788        1.8823232789830731     
           3
           3
  0.79481041022437859       0.31181845700927058       0.25257006009319544     
  0.27182613912399217       0.66215943614410899       0.17803687982237287     
  0.32705347767655069       0.28394156331777876       0.66086606858670993     
           8
           3
   67.913154151079652        58.925904126962827        50.136495622087182     
   74.611534436053816        61.535661408039140        53.424954760211257     
   72.695585470349869        64.618298195866544        52.232808737106595     
   69.543669616204795        66.179914257285120        53.325939980099584     
   69.390451900803626        61.286212567974076        57.764421774083381     
   72.542536761695530        60.030935826687667        56.421973036874299     
   70.980762113533160        63.094010767585033        55.207259421636898     
   67.845288715506427        64.368307963206860        56.322269467806002     
           0
           0
           0
           0
   4.2631754211937558     
           8
           1
           3
           8
           8
           0
           0
 F
 LinearHexahedralGp8
 Succeed::GetShapeFunction
