10
36.156777, 139.591384
36.1565502775  139.5917082001
36.1560990529  139.5918768486
36.1563580295  139.5922125287
36.1552842107  139.5911108658
36.1580834851  139.5920597444
36.1578271708  139.5923709764
36.1583301301  139.5925486728
36.1587172279  139.5917989953
36.1583782493  139.5886419978
36.1597606325  139.5899327363
36.1561593299  139.5889355073
36.1634856817  139.5898928548
36.1549387556  139.5929033992
36.1562602268  139.5936799371
36.1558444737  139.5942095456
36.1638663556  139.5900104676
36.1648197404  139.5911906396
36.1644610576  139.5912697647
36.1636480839  139.5917373695
36.1635549695  139.5927297868
36.1625822526  139.5915960934
36.1625973468  139.5925184828
36.1619357180  139.5921146890
36.1612996777  139.5922670257
36.1616466968  139.5933861774
36.1630979938  139.5939998203
36.1638158403  139.5943551148
36.1648227454  139.5940419311
36.1621663259  139.5950550531
36.1611590742  139.5944682830
36.1605273110  139.5953902771
36.1602524735  139.5971251053
36.1583758841  139.5951563016
36.1583809908  139.5955009716
36.1575856390  139.5948870374
36.1569384803  139.5953018857
36.1570863125  139.5977733752
36.1602215592  139.6005424353
36.1585321912  139.5941986973
36.1588294631  139.5941569825
36.1551954810  139.5943684963
36.1570535773  139.5932980352
36.1615907842  139.5893178071
36.1560467319  139.5892739339
36.1573200953  139.5900872271
36.1575551471  139.5906469893
36.1575180985  139.5902872961
36.1580100146  139.5902698619
36.1583054908  139.6034138687
36.1575362134  139.6068105860
36.1593038170  139.6066435095
36.1586223490  139.6068802821
36.1584377950  139.6073666077
36.1550827731  139.5926794348
36.1598609977  139.6007098614
36.1623877200  139.5938560539
36.1647469560  139.5948841447
36.1585768296  139.6034807110
36.1598641009  139.5889060837